30.70312 137.7739 -5.527668
136.0257 214.1279 -4
267.4983 125.606 -5.834474
200.071 206.7088 -3.800982
185.6051 233.7368 -4.460544
191.1301 144.8353 -5.041473
112.3147 105.3416 -1.530234
196.1155 145.4797 -5.088836
138.5798 16.95153 -5.955014
152.285 98.66298 -4.005784
26.45411 173.5556 -5.748047
147.0766 163.2873 -4
60.58418 62.15658 -4.618912
48.06928 269.9894 -5.875894
123.9374 184.2187 -4
45.54511 209.41 -5.414525
22.63092 99.77124 -5.475309
24.19136 64.6578 -5.640032
258.3281 63.3585 -5.669345
166.4965 63.82892 -4.603679
80.77256 244.0231 -5.260302
60.40555 274.1061 -5.838312
100.7108 249.0277 -5.286469
225.9338 210.8953 -4.787184
265.2211 205.8629 -5.69011
279.3294 54.00428 -6
198.4184 263.7053 -5.823465
62.1007 97.04794 -3.892031
247.8032 59.99672 -5.574317
36.28834 50.04655 -5.421578
237.1227 22.09167 -5.849495
134.8424 174.8679 -4
176.2085 239.185 -4.667712
55.51055 272.0186 -5.842179
226.0173 246.3503 -5.243677
104.8923 19.46669 -5.765884
140.6665 163.5477 -4
191.7121 248.0453 -5.064115
162.8164 148.441 -4.071492
158.0039 61.25493 -4.382318
161.9327 109.8567 -4.448299
172.4627 96.7603 -4.847005
174.3891 180.4098 -2.820728
49.53638 161.8405 -5.055916
122.1266 80.92296 -2.710181
16.49911 39.57782 -5.858872
65.53822 283.3174 -5.951718
83.86801 230.4521 -5.035892
226.4726 262.3429 -5.62524
217.0613 188.9898 -4.630138
76.1357 183.2266 -4
166.916 182.2114 -2.722019
168.5145 221.7274 -3.442231
117.0021 97.68791 -1.328526
162.3505 229.4528 -4.105505
201.1257 198.4177 -4.060518
75.85929 216.8317 -4.638675
230.273 212.1233 -4.933148
106.3004 285.8357 -6
217.2798 44.04738 -5.365392
106.695 71.15089 -3.086578
76.83708 193.8666 -4.129857
246.7636 57.36598 -5.589648
173.9291 110.3786 -5
147.2705 221.1895 -3.826427
198.9257 248.487 -5.101061
207.7437 137.4017 -5.235404
111.8368 233.301 -4.999748
279.5029 171.3306 -5.965043
170.4874 80.34739 -4.754159
235.0264 99.46235 -5.441864
176.9857 163.1718 -4.111944
54.59517 211.63 -5.240984
259.1905 21.58678 -6
14.26232 77.89217 -5.751145
118.2831 34.51867 -5.246554
79.83676 243.0585 -5.247493
112.1151 160.0295 -4
57.28367 223.7793 -5.24322
205.7682 146.624 -5.181959
269.8391 44.09627 -6
45.86715 98.17779 -4.569704
184.0172 103.6252 -5
75.24142 241.6468 -5.237511
199.4436 136.2643 -5.147732
51.41861 60.35643 -4.951192
76.59107 179.9929 -4
69.72036 231.9893 -5.104112
157.0783 27.37395 -5.573912
36.04876 82.58901 -5.024103
231.5242 100.3009 -5.407457
215.0594 147.1319 -5.279741
208.2636 259.8775 -5.606654
205.3595 199.1931 -4.168694
33.10359 166.3879 -5.604691
17.73736 141.3318 -5.986072
43.86998 97.54089 -4.636637
213.1153 229.429 -4.640961
192.5912 200.547 -3.414369
102.3938 150.9611 -4
49.18626 203.9797 -5.299725
247.4423 224.7756 -5.622257
175.863 54.58921 -4.888898
78.69496 256.7744 -5.468901
77.59579 131.2023 -3.982823
85.43281 13.46519 -5.932722
126.8107 75.69634 -3.240589
18.523 52.84209 -5.797848
267.7376 150.7428 -5.824102
67.48522 275.4989 -5.813989
254.0858 87.87725 -5.641662
262.4612 92.08456 -5.74056
199.3388 20.45331 -5.853108
34.72815 40.2984 -5.467983
234.6533 49.64154 -5.521772
216.768 260.3655 -5.573838
50.89247 146.6028 -4.869638
163.848 80.23385 -4.542552
182.9622 150.3691 -4.683184
227.6223 38.69129 -5.551886
167.0691 52.55302 -4.635851
170.0574 26.9253 -5.594304
34.42839 58.84906 -5.449595
201.0472 159.3221 -4.885974
236.1394 132.0118 -5.517145
121.6714 52.11275 -4.449421
168.7782 76.06341 -4.693662
238.6132 228.9973 -5.421752
109.9606 164.5157 -4
124.7578 153.559 -4
94.82269 19.27993 -5.744113
108.7906 134.7738 -3.646976
163.7394 37.34668 -5.120605
291.2624 36.55264 -6
85.8198 263.8545 -5.562227
8.49182 69.60554 -5.990007
107.4375 211.6724 -4
202.0255 53.04258 -5.083093
40.0121 240.2913 -5.576152
112.1405 109.7825 -2.029105
76.28197 71.23997 -3.864719
12.51953 91.47016 -5.899352
202.5004 157.0135 -5.002515
236.9128 148.1488 -5.51217
17.88921 229.5726 -5.958581
38.05888 163.2408 -5.443976
292.0225 23.94519 -6
79.62361 39.49875 -5.142957
135.3921 52.40557 -4.43611
193.5345 74.89024 -5
172.8456 184.1615 -2.346709
40.91812 179.7851 -5.331527
92.02318 100.0417 -2.252443
148.038 69.14316 -4.133519
166.7958 122.1838 -4.764759
17.23185 129.7014 -5.936082
155.7023 18.72132 -5.938248
212.8489 262.1616 -5.671233
75.38683 283.4713 -5.902801
149.0368 190.622 -4
229.8198 124.4203 -5.437205
199.3217 83.85909 -5.043722
29.44735 176.3312 -5.654719
140.9835 62.36486 -4.177812
158.4564 270.725 -5.850544
164.731 246.9941 -4.967533
149.454 125.5764 -3.540704
152.9525 184.8441 -3.974627
103.3598 136.4908 -3.864594
75.49497 103.264 -3.160849
202.4581 238.6224 -4.682901
85.14041 211.8033 -4.258793
156.5336 133.3781 -4
79.92606 140.2882 -4
165.4335 52.55252 -4.618109
259.7806 163.5907 -5.61559
281.9273 118.8671 -5.989312
88.44919 69.74809 -3.4623
61.96588 258.219 -5.574213
106.9901 279.3353 -5.873489
212.5745 243.2828 -4.886387
116.1297 133.9233 -3.550734
177.79 35.69795 -5.195387
249.6998 75.76675 -5.578864
156.6108 96.78168 -4.169782
261.3094 93.85532 -5.72957
273.3679 87.92907 -5.858643
276.1119 47.21403 -6
233.2058 258.5863 -5.586057
111.6178 187.193 -4
86.27917 142.8353 -4
17.97286 239.3924 -5.970643
90.88692 20.39387 -5.691643
186.1516 107.2928 -5
44.87631 60.35442 -5.139493
135.4838 126.6545 -3.028306
159.7158 172.0614 -3.667125
172.7991 109.191 -5
78.65919 65.57314 -3.950952
25.12549 66.83589 -5.579162
236.8524 172.6098 -5.218528
134.1669 24.25765 -5.671845
185.9494 36.23178 -5.161843
134.1962 175.4515 -4
224.5064 105.2776 -5.344973
107.8995 216.4021 -4
131.9893 243.1926 -5.084255
91.93763 129.8882 -3.504028
264.1636 126.8579 -5.798349
12.87766 113.76 -5.994422
188.877 99.15304 -5
106.6856 250.2561 -5.319647
277.2899 154.2026 -5.943903
255.6726 135.888 -5.725822
253.5987 82.12427 -5.62979
113.8632 97.94934 -1
114.0321 142.0107 -4
185.6444 103.2846 -5
110.99 187.2453 -4
16.61548 185.3469 -5.954468
14.87659 100.3658 -5.835341
277.9131 74.47658 -5.894829
203.4201 41.93748 -5.234566
206.5916 203.2604 -4.149439
206.5916 203.2604 -4.149886
147.6105 192.7404 -4
159.5239 74.49281 -4.396716
293.8255 24.359 -6
23.41391 185.5326 -5.77185
27.57617 97.49655 -5.241074
24.9859 180.3772 -5.754564
194.3608 193.1876 -3.830059
130.6244 47.81234 -4.644894
114.0036 143.4145 -4
266.3014 128.0983 -5.823777
23.69494 225.1925 -5.848285
162.0878 208.488 -2.796871
153.8959 20.73458 -5.858537
29.52642 106.4773 -5.279245
71.89534 168.0791 -4
258.4647 181.7475 -5.571518
34.83 88.03972 -4.96384
247.2887 144.1571 -5.655731
135.9555 194.5997 -4
203.9767 195.3946 -4.180011
30.83934 26.65966 -5.760359
238.9851 183.8997 -5.215476
159.7334 31.75006 -5.374997
238.7231 28.35009 -5.801436
172.3375 33.96453 -5.27434
84.17253 259.5312 -5.497892
161.7572 51.42313 -4.598348
149.6434 84.57856 -4.024382
75.95903 42.69218 -5.079932
261.7127 128.2412 -5.773006
214.1354 131.2638 -5.289166
121.5542 60.15487 -4.085196
196.5805 211.8702 -3.730733
148.5511 222.1083 -3.868762
247.3174 104.3006 -5.583766
149.8367 245.0216 -4.997212
220.3372 243.0294 -5.112815
235.2861 58.76623 -5.431543
43.82502 53.40085 -5.255881
36.66678 32.13876 -5.582334
26.92192 40.05986 -5.63528
81.34062 146.6646 -4
189.4438 226.1025 -4.15007
277.3874 70.99979 -5.885053
250.0539 215.8421 -5.488826
280.9593 179.4126 -5.9825
258.888 227.2061 -5.994876
34.89541 66.34691 -5.317851
274.9997 154.4446 -5.902057
87.33181 206.2545 -4.034491
35.81888 178.347 -5.474732
109.0451 123.3535 -2.951256
117.4705 155.2426 -4
187.8065 233.7244 -4.463226
21.39203 113.3756 -5.66097
178.7151 140.0757 -4.802079
140.1065 18.92645 -5.886218
51.97962 25.5313 -5.664568
242.9927 207.5091 -5.217481
169.5079 98.11724 -4.708174
24.72219 38.85877 -5.683939
220.8448 182.9495 -4.820962
28.69708 226.5191 -5.7603
245.4874 142.5298 -5.633998
161.9313 53.39109 -4.56515
142.3914 54.36906 -4.346861
231.2597 93.36727 -5.391139
134.956 207.7057 -4
53.15911 156.9416 -4.857615
231.4158 31.77856 -5.673496
141.8232 190.1803 -4
246.5066 204.5846 -5.292633
155.43 208.9058 -3.423463
86.69252 169.94 -4
76.62461 168.5397 -4
213.1375 149.565 -5.224678
35.8697 71.44407 -5.208793
37.50538 52.21817 -5.392641
175.6396 183.9459 -2.474149
279.5654 62.34169 -5.944967
111.3579 253.5243 -5.389501
215.63 194.7488 -4.520763
101.9916 224.3112 -4.463074
222.365 157.7346 -5.216581
16.3047 77.80752 -5.656678
117.6814 168.9655 -4
103.5714 15.62887 -5.904262
102.1567 34.88764 -5.186944
62.58375 233.404 -5.187163
137.8195 55.19418 -4.309356
267.4562 168.7621 -5.749192
214.7646 174.8596 -4.848048
169.4586 242.2594 -4.782522
210.3132 178.0331 -4.662391
88.82194 170.8393 -4
14.56384 45.31038 -5.892605
273.5603 108.5921 -5.883766
54.84515 114.1271 -4.397235
210.6282 129.3342 -5.249279
254.8384 214.7087 -5.604876
282.1987 69.67621 -5.937709
283.6136 24.78225 -6
75.28136 283.0186 -5.895883
138.3529 167.9616 -4
23.31499 212.2698 -5.837258
243.0433 139.059 -5.602032
242.2534 90.19575 -5.511124
280.0418 190.7343 -5.95326
274.2148 108.3496 -5.890861
258.4661 231.8043 -5.980022
85.48302 15.51182 -5.857064
85.2854 30.53341 -5.345598
160.977 72.18425 -4.439726
219.6317 62.99243 -5.226404
196.8569 184.6739 -4.139943
126.9298 21.57909 -5.750432
192.154 248.1111 -5.068422
83.44436 249.0814 -5.333551
193.5094 67.45813 -5
30.16389 169.6406 -5.667666
24.67849 70.41078 -5.53382
106.9261 57.49372 -4.229584
81.70018 212.6025 -4.352367
118.7187 275.3506 -5.816905
280.925 19.04172 -6
96.42143 20.34309 -5.709291
205.476 19.32693 -5.896345
286.2518 41.29375 -6
64.96806 158.795 -4.286058
189.0146 44.50446 -5.044224
95.83885 19.67382 -5.732419
150.0686 90.37088 -3.989316
96.15464 129.9814 -3.46876
81.21727 50.61132 -4.683666
129.3738 63.50269 -4.031528
23.29715 110.2604 -5.553279
142.7606 196.3401 -4
88.61066 234.022 -5.079824
87.36929 89.83347 -2.45512
214.2973 218.6321 -4.482468
21.43548 126.6852 -5.776723
60.96656 239.2809 -5.291569
25.7214 77.02324 -5.398431
132.865 217.3477 -4
164.1255 154.3648 -4.0685
29.05349 256.4313 -5.833403
78.36072 153.407 -3.999734
78.36072 153.407 -4.000462
25.80834 97.23362 -5.316301
273.3203 205.2225 -5.919902
135.2789 249.071 -5.190952
252.061 241.2417 -5.826811
163.3025 33.64034 -5.289076
67.27547 63.10322 -4.388661
269.8488 107.3118 -5.84059
228.9866 43.02109 -5.522333
119.9911 263.1106 -5.58608
117.9135 282.2708 -5.947268
59.15124 49.90268 -4.969664
219.7199 165.3036 -5.089783
219.6962 214.3372 -4.58039
256.3806 154.4914 -5.64642
104.6231 252.0857 -5.351077
22.37504 54.7259 -5.712932
184.2663 147.1159 -4.831754
117.6918 97.59629 -1.41794
81.69277 39.22387 -5.138639
193.4189 81.71883 -5
170.414 24.79352 -5.691204
156.5098 208.0468 -3.264592
119.6284 167.5558 -4
132.0072 45.20202 -4.763545
192.2203 72.60708 -5
123.3718 126.5524 -2.994384
156.8361 227.7587 -4.084704
185.9199 229.8995 -4.305508
248.8212 20.72428 -6
75.26044 132.1659 -4
106.1578 31.30728 -5.330949
170.7331 139.0828 -4.484877
180.4023 198.5885 -2.104734
73.84552 189.8774 -4.15338
222.6228 163.1136 -5.148039
35.4845 100.6148 -4.989516
53.44775 31.52729 -5.498854
65.1846 53.5189 -4.710322
181.2223 251.2432 -5.213269
88.03709 118.3354 -3.120665
261.6506 160.3246 -5.65317
107.9826 28.76269 -5.430392
169.5779 168.9158 -3.593953
11.80163 41.69515 -5.956522
132.6115 49.32168 -4.576287
237.0635 141.4711 -5.545205
281.5991 132.4127 -6
272.6292 155.2573 -5.858118
253.7903 250.1897 -5.854408
191.2466 258.5603 -5.618747
141.4154 69.71183 -4.051506
260.4878 42.41413 -5.92147
28.68631 55.56747 -5.576807
272.4155 60.64711 -5.874075
185.8753 121.6715 -5
36.09075 58.65934 -5.408908
227.6755 95.99004 -5.359385
96.88995 58.67139 -4.197682
239.9592 227.4496 -5.434197
77.16699 172.6987 -4
108.3021 66.14635 -3.570111
204.9 33.0299 -5.36005
171.7176 117.6723 -5
46.94762 275.5516 -5.971142
250.6588 123.8298 -5.650565
265.0895 90.2421 -5.768082
74.23874 225.1358 -4.908253
120.0337 123.8226 -2.819467
53.25807 123.7956 -4.548061
91.90108 79.68049 -2.886104
46.30442 37.79615 -5.377051
203.6659 81.44646 -5.083711
79.82488 270.7797 -5.68874
95.895 157.8599 -4
66.28287 39.31099 -5.221975
248.5725 193.9192 -5.36552
125.8295 107.4973 -2.067155
71.65981 76.42726 -3.978244
135.4953 169.4301 -4
240.4588 90.12305 -5.490854
109.1296 279.3622 -5.877511
193.1579 59.5405 -5
193.3333 124.3829 -5.061535
140.2001 47.10027 -4.67726
219.5944 153.7783 -5.239647
102.4779 83.87536 -2.238467
113.4439 234.7052 -5.027497
47.27023 61.7786 -5.05056
217.8934 181.8794 -4.769573
191.8722 62.26237 -5
226.0734 90.94516 -5.333001
83.6652 274.7495 -5.747964
233.2015 114.8245 -5.453201
26.23603 254.41 -5.843013
231.2985 46.22948 -5.516649
267.001 146.3607 -5.862973
119.7371 184.8077 -4
27.51691 216.876 -5.768172
102.589 265.329 -5.599747
73.72164 189.9561 -4.15939
223.2656 158.5483 -5.215568
148.474 239.4783 -4.733079
190.0954 164.1991 -4.409348
155.4439 122.2919 -3.957489
156.251 82.11415 -4.271695
127.5533 203.4002 -4
95.26926 92.61063 -2.046131
125.91 81.29146 -2.902836
255.5584 192.7734 -5.499949
137.7115 209.7662 -4
90.99593 286.3755 -5.981219
89.28106 94.68166 -2.374706
92.37759 188.8467 -4
137.0187 161.0145 -4
122.813 76.84962 -3.066615
47.58269 168.1044 -5.160902
214.6264 32.04893 -5.479349
165.0658 241.4119 -4.711025
149.4599 274.5335 -5.88314
214.5771 169.7823 -4.957945
126.6093 170.0506 -4
54.21025 189.5303 -5.091842
26.42289 68.43685 -5.517592
140.57 60.89537 -4.199525
95.99474 283.7203 -5.938895
97.72255 255.429 -5.403377
150.027 43.80376 -4.827102
263.4317 182.9232 -5.660386
245.5729 125.5009 -5.601488
154.6179 233.4977 -4.373848
243.025 113.9551 -5.552621
130.5411 273.9045 -5.773105
65.03007 145.9381 -4.166194
190.5981 75.71586 -5
119.3189 122.8909 -2.761182
215.2817 210.0392 -4.41578
66.22669 207.5337 -4.912993
260.2544 153.4168 -5.704517
76.2063 132.258 -4
97.09237 84.87078 -2.338342
230.9411 195.7636 -5.029602
198.4456 180.2007 -4.258686
21.78234 67.74666 -5.656589
223.976 54.171 -5.339993
23.18689 68.58673 -5.604339
281.2947 77.69841 -5.936452
41.15447 124.0346 -5.067941
161.8994 70.03952 -4.466067
152.1122 165.9783 -4
224.1176 181.737 -4.932146
119.0168 258.0135 -5.487488
44.76501 204.536 -5.396176
171.3962 113.5462 -4.986385
215.1542 257.4066 -5.463384
195.6701 167.0674 -4.464865
50.56216 238.2676 -5.383922
263.4341 53.53367 -5.838626
234.3884 119.6135 -5.474809
283.2934 102.757 -5.986781
269.8887 161.5013 -5.801424
15.99099 195.7897 -5.935931
32.84016 273.5991 -6
51.84111 246.8086 -5.486818
79.07522 212.0179 -4.425436
80.21252 105.8106 -2.911008
144.7206 262.1277 -5.412878
163.7456 128.6245 -4.423521
231.0397 213.888 -4.949558
51.31118 112.3877 -4.543177
215.3703 229.0361 -4.700293
176.4481 200.2338 -2
30.80065 60.97984 -5.517243
212.5561 243.8142 -4.907891
254.657 32.9533 -5.950528
99.36442 27.48091 -5.453312
67.33187 156.4277 -4.141311
219.4442 70.73278 -5.232895
118.8556 55.28677 -4.305147
165.9347 239.6476 -4.625513
257.6994 217.222 -5.757512
203.8705 29.52672 -5.441172
52.00254 117.4913 -4.562074
28.52617 254.168 -5.803226
57.25345 239.2142 -5.322925
225.9308 149.2344 -5.373454
185.2136 190.8561 -2.996058
39.43768 278.4159 -6
263.5625 133.1288 -5.801631
55.66176 175.6177 -4.906964
209.3351 258.6774 -5.551163
165.4172 262.1471 -5.612896
277.3591 46.76836 -6
40.40042 253.555 -5.690253
104.0631 113.8732 -2.430644
106.6901 42.74751 -4.875113
247.3011 26.7128 -5.925952
17.7336 214.2557 -5.940219
109.0572 44.36191 -4.801731
141.3104 273.1272 -5.729481
15.93989 53.96301 -5.851603
96.7601 229.0195 -4.893953
236.1312 112.4443 -5.478692
276.6507 85.8441 -5.893259
109.0758 18.19539 -5.824888
260.6425 205.1334 -5.555448
212.414 199.5626 -4.377894
117.3955 107.3111 -1.72437
63.57138 248.0192 -5.40312
41.23941 203.1377 -5.459987
249.0164 147.9098 -5.651913
247.8909 239.2135 -5.736848
47.69799 206.1374 -5.346208
229.4832 156.8512 -5.30896
220.0413 175.8386 -4.961028
228.5943 141.134 -5.457361
97.34436 228.4752 -4.844412
192.0468 261.6895 -5.780877
77.9384 234.9108 -5.122972
103.0865 212.5304 -4
48.53602 28.75761 -5.600501
179.6273 183.665 -2.741422
147.6883 40.7856 -4.964291
227.5887 50.14447 -5.428316
89.83192 79.95536 -2.957219
168.6008 57.29613 -4.66145
90.31296 275.2041 -5.767521
124.9557 93.67583 -2.342826
39.84087 25.61942 -5.734229
51.71272 154.396 -4.904371
109.7068 34.94242 -5.206425
41.98102 203.8791 -5.449747
275.393 170.4766 -5.891378
212.6002 135.3566 -5.281388
125.9559 258.8027 -5.47174
202.5778 75.55554 -5.060959
49.96346 127.9665 -4.741518
246.5269 164.3869 -5.422504
96.43312 24.66592 -5.54922
223.1035 109.6328 -5.339071
110.7689 206.4388 -4
24.60303 92.97602 -5.350491
212.9903 128.1804 -5.271332
184.4918 246.049 -4.957834
178.1407 184.6092 -2.57909
215.5761 252.8084 -5.273587
106.9622 178.1982 -4
69.64765 61.07701 -4.35287
245.7062 246.317 -5.679937
124.1028 243.5247 -5.147212
273.4242 200.4799 -5.809607
125.3002 164.1268 -4
214.0348 146.3969 -5.278278
159.3021 221.8623 -3.688975
236.6046 166.3584 -5.282001
211.4051 104.5913 -5.208761
246.3033 38.60518 -5.78564
65.63632 103.9826 -3.742758
136.8747 175.6557 -4
76.5744 166.493 -4
75.8692 241.5945 -5.234973
269.1073 93.75275 -5.817182
54.51488 199.383 -5.155551
189.5649 125.9102 -5.025737
24.64494 81.86395 -5.350015
263.5089 139.918 -5.814392
202.9088 168.5324 -4.613053
14.12364 31.21351 -5.920867
174.6033 191.7056 -2
204.8335 253.3955 -5.364033
200.1229 213.9507 -4.010573
216.6871 57.06815 -5.217997
146.4046 278.2059 -5.983958
89.61967 16.17562 -5.844264
110.3664 37.4681 -5.109392
133.3908 195.1893 -4
217.3438 259.4801 -5.534229
194.5281 206.4185 -3.432257
219.4034 189.5809 -4.687845
264.3815 65.22986 -5.732325
68.39896 30.69223 -5.435264
226.5982 254.6419 -5.39233
34.26195 185.3982 -5.48252
118.2505 192.1607 -4
259.2789 72.6276 -5.683141
44.72138 223.2704 -5.468083
209.3824 167.0191 -4.867686
189.9376 246.2278 -4.972959
77.19242 116.0428 -3.297632
110.5085 75.31089 -2.852528
92.55533 137.1172 -3.777508
92.55533 137.1172 -3.778255
220.7961 198.9157 -4.678152
233.3375 54.98071 -5.447962
121.5756 108.4669 -1.837709
250.6339 84.35365 -5.598913
202.1702 223.0431 -4.20113
143.7069 113.1179 -3.043401
166.9273 250.6222 -5.153491
70.41762 79.64112 -3.920996
202.3918 114.1263 -5.134673
45.21294 34.33231 -5.474225
176.0868 154.7358 -4.411071
113.3016 235.3152 -5.04198
232.3909 183.0646 -5.096688
111.5917 65.61602 -3.617993
140.9759 233.8478 -4.565686
104.6277 25.35063 -5.547207
220.2437 195.6292 -4.67854
235.7645 115.4485 -5.480809
66.89706 74.60221 -4.177476
189.3103 162.9657 -4.429568
94.91084 121.5912 -3.120653
30.25262 169.411 -5.666395
62.75731 31.5039 -5.445413
35.15791 125.7645 -5.307971
55.48895 242.933 -5.395454
106.9986 266.8588 -5.63609
137.3575 56.87331 -4.236371
261.5399 189.1477 -5.619123
187.7513 228.9096 -4.268045
50.77788 280.3938 -6
112.1331 236.4038 -5.064989
161.3762 224.3556 -3.825143
127.9773 120.6829 -2.657566
82.27424 238.5659 -5.169364
175.1789 248.4994 -5.056912
83.89054 92.9089 -2.654322
76.52888 224.8938 -4.85544
288.3745 53.45603 -6
47.89039 226.8004 -5.416057
71.81498 168.6497 -4
142.0126 136.3648 -3.493563
42.69428 186.798 -5.313327
71.46075 47.80079 -4.942292
84.04557 210.7666 -4.246379
230.4876 152.9223 -5.374212
197.0746 161.4987 -4.699085
183.8333 51.25934 -5
101.9414 222.2646 -4.3063
150.4369 79.74433 -4.089459
30.23002 19.77181 -5.944335
60.79608 190.0243 -4.882786
211.8636 137.3833 -5.277779
232.9251 161.2473 -5.292004
237.6881 105.3931 -5.480894
267.2674 100.8104 -5.804326
103.7277 215.5874 -4.017999
24.42361 145.9191 -5.78671
16.02661 112.6262 -5.848126
81.50058 280.1081 -5.846381
24.8435 200.2136 -5.782199
151.624 46.08046 -4.723616
136.6046 274.9034 -5.752418
223.4479 199.3101 -4.76951
57.10546 58.8232 -4.793759
34.6087 145.686 -5.44449
53.40251 38.65764 -5.312409
281.1002 122.3369 -5.983863
263.1906 184.6352 -5.654107
49.97061 46.20677 -5.129526
49.97061 46.20677 -5.139048
137.021 57.26023 -4.225821
224.7469 218.9239 -4.791749
150.6656 201.8855 -3.933428
246.6939 248.1146 -5.699667
42.56449 44.32844 -5.294973
111.6326 240.3591 -5.139433
254.6494 191.6186 -5.48664
197.4407 261.0352 -5.720828
33.31931 208.5142 -5.652435
63.03822 90.39016 -3.983254
241.8121 268.3628 -5.979532
264.3991 212.1009 -5.827823
211.7995 215.5417 -4.368818
102.0507 130.567 -3.540493
137.1386 272.3125 -5.6914
208.3741 256.6895 -5.476193
200.5508 32.67435 -5.316438
45.27367 252.1921 -5.626811
143.3813 265.23 -5.490874
119.6852 177.5658 -4
147.3145 131.9584 -3.6169
96.41663 279.1221 -5.852089
135.2872 249.4121 -5.198431
24.93905 175.9035 -5.777281
175.1694 140.4223 -4.653652
132.4384 174.3162 -4
51.15475 244.4732 -5.456918
99.26518 111.8973 -2.465631
51.59116 37.90272 -5.342916
247.2603 145.5609 -5.658191
277.7891 80.96405 -5.900644
128.1105 247.9078 -5.215801
211.0561 235.2402 -4.686625
178.0506 134.7819 -4.942169
215.3509 102.605 -5.245485
146.3314 209.8345 -3.879097
87.29222 100.7947 -2.508996
223.5991 96.50044 -5.318423
260.1024 103.6289 -5.72685
226.3026 129.7719 -5.411491
111.1424 172.9452 -4
26.04391 182.4766 -5.716211
246.7916 126.459 -5.615912
96.6183 139.9063 -3.960892
204.9947 156.1222 -5.042872
69.81145 108.779 -3.534926
108.0202 193.1153 -4
27.59029 266.0211 -5.993515
257.0581 246.2089 -5.931576
148.2205 65.04343 -4.208596
152.2518 58.84577 -4.362846
190.6567 71.6948 -5
105.4177 54.98747 -4.341791
110.3127 63.48374 -3.890876
52.78042 219.7109 -5.318461
270.7077 93.60237 -5.83502
191.9041 45.61393 -5.062497
175.6769 93.16002 -4.973329
73.94444 163.1402 -4
241.5956 67.23014 -5.478207
86.25557 172.6424 -4
177.4516 69.3424 -4.960373
163.3783 253.3959 -5.257602
123.2173 225.3804 -4.376359
90.25946 262.767 -5.532853
200.0601 54.98364 -5.037628
196.0542 36.56942 -5.219109
80.09321 185.5631 -4
186.8401 25.10029 -5.65961
81.83457 128.337 -3.698418
144.9637 207.9317 -4
36.73376 28.45881 -5.678299
25.14036 100.7756 -5.370177
33.08002 189.7862 -5.535718
65.05943 284.3143 -5.970797
147.5762 25.96071 -5.63815
92.54678 168.8201 -4
68.15574 116.9322 -3.710883
36.50256 61.34237 -5.354286
92.41986 113.6466 -2.775501
101.0754 17.73376 -5.819192
185.4161 210.6467 -3.122512
106.3721 36.1943 -5.150559
101.9827 20.10208 -5.734062
129.2278 124.219 -2.873897
118.1333 180.9764 -4
214.9387 176.8275 -4.808049
255.4694 244.2734 -5.898696
211.6323 189.4932 -4.471715
72.34713 205.7251 -4.533659
66.02202 285.0887 -5.976836
75.00885 218.0647 -4.694238
80.52923 49.4894 -4.750795
179.7976 258.5568 -5.59696
169.4776 126.3697 -4.791415
192.9798 162.5404 -4.547736
101.9361 270.7668 -5.70215
169.6466 151.2047 -4.324645
192.4496 92.20744 -5
234.2912 138.7283 -5.511289
98.00615 133.6553 -3.669954
192.5098 99.79044 -5.004837
182.6665 51.13435 -5
72.47624 169.9619 -4
54.43981 151.4515 -4.741514
65.32976 140.205 -4.101892
72.29925 87.1066 -3.412939
65.66429 192.302 -4.64615
131.7065 236.7902 -4.870786
207.8975 166.7497 -4.819568
54.86521 118.791 -4.43145
219.964 218.8438 -4.64918
271.2585 98.10247 -5.846216
271.556 170.4885 -5.821705
145.9887 112.5348 -3.228904
253.9229 186.3641 -5.483931
123.0065 192.4311 -4
102.352 149.2556 -4
190.0376 27.2266 -5.560556
40.29939 58.41136 -5.296944
38.33447 277.038 -6
281.7586 36.35294 -6
172.5517 45.26035 -4.825377
239.4696 51.08614 -5.566266
239.7535 184.4509 -5.228814
74.51028 163.1273 -4
227.1407 226.7569 -5.006354
72.98861 151.103 -4
252.584 125.3784 -5.67342
238.4709 236.0161 -5.53197
39.16288 23.62508 -5.790473
39.84817 218.2245 -5.548616
246.0167 105.1267 -5.57005
147.2019 213.2654 -3.683342
22.08765 255.8322 -5.919465
260.7585 114.9904 -5.746856
119.142 20.80922 -5.756758
154.3635 219.2829 -3.590507
184.0281 242.5328 -4.814686
115.0472 34.66855 -5.231783
220.5614 259.8616 -5.529825
121.4605 38.38985 -5.073189
271.9244 166.2708 -5.83308
148.0699 58.90353 -4.316432
40.44684 34.93434 -5.486718
156.4462 196.4821 -3.681583
152.0886 189.3766 -4
271.4397 24.71949 -6
222.7231 186.4333 -4.81863
222.7231 186.4333 -4.824578
28.38984 84.50865 -5.204173
95.49868 80.16701 -2.701878
161.007 95.20215 -4.333855
118.7214 101.0995 -1.353416
201.4078 39.40483 -5.24341
164.8975 101.2186 -4.502992
160.1082 61.13094 -4.407367
181.2377 182.6422 -2.943935
199.5043 66.94175 -5.01243
48.69152 63.30088 -4.984266
120.9681 74.73028 -3.158721
39.40213 48.76181 -5.35669
116.9425 281.1553 -5.924449
149.5825 192.3539 -4
126.1308 119.7771 -2.597063
210.1576 156.3074 -5.098538
172.2342 242.5752 -4.799332
33.4383 186.4409 -5.504427
156.9069 138.3373 -4
271.8111 69.34505 -5.82048
171.1349 136.2294 -4.541456
59.36943 249.8218 -5.467463
100.4066 168.6782 -4
241.8965 143.5979 -5.599127
150.3407 225.8216 -4.062908
218.5012 164.3456 -5.085284
11.41321 47.65778 -5.956859
212.8316 76.83781 -5.169026
91.38549 75.33127 -3.1275
39.54007 230.0252 -5.570448
215.485 69.60987 -5.187106
231.9728 101.9213 -5.415252
227.2138 27.17239 -5.677942
156.0382 114.4664 -4.077537
10.35495 90.41995 -5.993766
126.328 168.8435 -4
63.98379 141.7527 -4.180619
225.1269 206.2114 -4.787045
225.5862 110.8274 -5.36697
231.2573 222.7568 -5.059114
146.1405 213.5931 -3.725892
104.674 132.3651 -3.590029
102.7403 162.5193 -4
114.9595 142.6342 -4
61.05672 282.6994 -5.971328
43.29008 216.2117 -5.484034
39.61599 124.1456 -5.125581
62.57946 102.4598 -3.913426
23.5231 119.4702 -5.657328
89.04145 133.6329 -3.706138
188.5087 103.3708 -5
272.194 156.7462 -5.848561
136.2742 79.38577 -3.445807
61.21446 213.4884 -5.115724
269.6366 43.53207 -6
51.07536 72.0063 -4.737749
84.7811 101.0038 -2.644284
244.9444 266.5468 -5.95922
247.7173 147.5224 -5.642584
74.40714 46.10274 -4.998986
74.40714 46.10274 -5.0025
180.2164 211.5241 -2.927693
72.90489 154.1007 -4
220.7489 271.3476 -6
260.4219 147.4213 -5.787209
185.6723 204.4217 -2.776455
253.9168 69.45108 -5.619288
187.039 72.95315 -5
205.4269 118.6075 -5.174703
103.5101 206.7186 -4
229.5943 44.71368 -5.511707
104.3665 41.62509 -4.92649
87.44815 58.43235 -4.226403
176.3696 161.1381 -4.178139
222.199 200.9693 -4.715302
20.89003 73.68289 -5.58543
233.8895 128.7641 -5.487616
123.9072 180.4272 -4
241.269 98.78862 -5.509597
35.39588 81.61798 -5.057754
243.2263 38.82726 -5.744903
166.9964 168.8232 -3.526814
110.5902 124.7971 -3.009444
19.90244 52.65884 -5.768586
106.4221 70.28493 -3.134027
159.4887 80.75073 -4.394091
256.5947 191.4224 -5.523679
31.80504 69.86851 -5.346202
83.54067 90.18652 -2.660882
133.5119 94.99694 -2.92864
154.8732 81.08386 -4.232164
216.6837 59.49522 -5.191857
206.8724 268.5555 -5.968536
108.9411 153.7313 -4
123.6394 182.3294 -4
157.2664 210.684 -3.257006
21.99503 54.62083 -5.721202
113.3169 198.7582 -4
231.0415 199.8569 -5.018348
155.3071 23.1293 -5.76685
189.957 59.84126 -5
135.5218 207.6927 -4
245.3151 126.5307 -5.600853
146.9769 24.60923 -5.695319
181.0494 24.96732 -5.672396
209.7481 37.05246 -5.364226
216.4492 75.57946 -5.204587
98.18807 232.0964 -5.02315
162.7262 105.0225 -4.43361
81.82624 121.5871 -3.387183
148.0381 62.73437 -4.247785
242.7483 211.6482 -5.199626
162.1004 52.59086 -4.581253
187.7281 194.6287 -3.140559
181.6722 28.55566 -5.510864
70.1135 280.0652 -5.869656
202.5843 109.1542 -5.126906
73.31305 210.4812 -4.597675
66.29242 128.1617 -4
60.89485 188.9223 -4.855418
156.8762 237.0866 -4.516517
204.5916 108.9186 -5.147106
281.6613 87.51179 -5.95148
53.97508 33.79054 -5.436463
62.97818 50.76317 -4.881024
217.6145 57.6916 -5.222852
21.817 157.6207 -5.944009
21.91975 45.14208 -5.735484
133.3669 276.2668 -5.805378
181.0937 197.2833 -2.239909
120.5697 81.56533 -2.600217
76.97802 136.791 -4
175.449 136.4341 -4.75388
135.788 219.8216 -4
235.4758 266.498 -5.852102
55.54696 47.86152 -5.058684
40.98185 159.3059 -5.32203
139.3253 225.5427 -4.165244
94.31339 86.98214 -2.324419
168.2837 177.7054 -2.991322
247.8079 101.2177 -5.585859
13.91936 38.27165 -5.9158
134.0929 71.24455 -3.803517
92.1933 213.3864 -4.172235
253.9393 251.1343 -5.856577
109.2379 67.11091 -3.444691
153.1904 147.1064 -4
215.1448 142.9206 -5.322413
20.17037 37.93902 -5.782533
42.3296 137.3183 -5.135465
184.1211 79.65624 -5
191.4699 142.0213 -5.076938
88.63994 85.21585 -2.6777
192.4425 161.1496 -4.580354
40.11735 279.1967 -6
31.17415 27.48628 -5.736728
139.0992 241.9681 -5.007058
99.28667 160.2093 -4
246.6614 60.89505 -5.550428
153.6739 200.1481 -3.776969
192.5433 101.1549 -5.007857
174.1787 89.78133 -4.855643
145.2011 253.5084 -5.219031
61.13657 71.85194 -4.413258
145.1563 190.142 -4
216.7388 83.53643 -5.222383
249.6292 133.1442 -5.65823
68.47699 146.6935 -4.005393
117.5433 19.74607 -5.79158
175.1311 104.2457 -5
87.34269 57.9797 -4.246345
292.5347 30.72149 -6
146.8558 137.6192 -3.700327
254.0801 219.6938 -5.711841
34.1135 88.32157 -4.982017
139.5462 225.5756 -4.164454
186.0365 30.80696 -5.404834
129.8269 164.0232 -4
173.9158 88.04294 -4.83529
270.4969 79.87947 -5.8174
87.74849 237.3409 -5.134992
252.2353 198.3481 -5.419866
253.7903 237.3721 -5.86976
43.15158 137.4891 -5.109425
175.6985 128.6544 -5
273.284 110.1532 -5.882393
143.5215 42.73911 -4.875495
253.3688 177.8823 -5.483299
158.3915 189.8771 -3.529377
287.067 65.54511 -6
249.6237 220.0992 -5.586786
128.6754 108.1148 -2.201397
32.22951 203.8368 -5.653452
63.41069 242.7518 -5.323584
186.7903 239.7393 -4.705485
31.94838 183.4033 -5.553934
136.9191 15.92771 -5.988202
136.159 34.94396 -5.22982
66.40268 169.8354 -4.283088
129.8657 110.4766 -2.302298
82.34612 256.8805 -5.460667
269.0989 106.2292 -5.83095
129.7319 85.79257 -3.006013
44.15472 70.68568 -4.991318
42.4905 104.1329 -4.770768
73.87803 64.27943 -4.156764
263.4183 186.2227 -5.656475
263.3966 176.3635 -5.66704
60.24708 171.4931 -4.629363
155.3149 132.42 -3.956016
115.0567 129.9281 -3.239152
23.91853 57.38304 -5.676364
116.9321 39.70696 -5.01332
23.36614 47.68767 -5.701142
154.6966 234.1406 -4.402814
129.384 24.17747 -5.661188
154.4761 150.7934 -4
106.4521 86.89402 -1.883078
59.56373 230.8185 -5.212003
255.5124 47.30612 -5.806858
230.5491 236.1973 -5.305653
259.3711 50.74457 -5.817978
250.1898 162.407 -5.487683
261.1031 172.6238 -5.629559
28.32658 21.67354 -5.905822
66.51669 138.5851 -4.030257
258.8361 219.9642 -5.863645
177.1866 164.9495 -4.049078
79.62086 232.9762 -5.087609
287.0519 63.64936 -6
73.63366 55.60091 -4.504978
135.0579 249.0382 -5.191784
141.747 40.92153 -4.958112
167.7449 145.4841 -4.301443
243.8887 135.0578 -5.60289
258.6514 27.8183 -6
26.27715 84.29153 -5.265887
144.1024 38.21311 -5.081222
125.2964 237.0507 -4.990028
39.02544 52.63846 -5.359565
164.7998 210.0566 -2.725478
257.9593 144.4818 -5.766212
150.4722 67.07761 -4.196764
119.782 235.3566 -4.993432
23.81961 84.12023 -5.342241
32.39928 81.2694 -5.145944
257.8168 189.9534 -5.550634
103.9255 162.113 -4
193.4893 62.7942 -5
20.82805 80.13103 -5.483135
117.5687 256.6814 -5.459765
253.29 202.8746 -5.425081
292.1396 41.53826 -6
48.01138 145.8345 -5.002862
156.8879 241.4094 -4.716705
141.0493 263.7665 -5.474981
243.7092 200.8185 -5.25236
53.20292 106.1632 -4.39443
273.1919 125.6274 -5.89855
14.00555 193.0668 -5.987194
73.46 276.7274 -5.8007
154.9929 237.2434 -4.543492
15.0535 196.0387 -5.957315
114.7837 154.6973 -4
102.7602 186.4097 -4
58.19698 55.87825 -4.81635
79.95481 87.61404 -2.898034
31.21961 281.9031 -6
241.6018 158.508 -5.425664
26.03293 49.97782 -5.641036
254.8338 141.4438 -5.728081
84.33006 228.7729 -5.007911
232.3889 241.9573 -5.390105
58.25334 155.6115 -4.593623
81.04801 83.45554 -3.079144
46.33182 228.6564 -5.446606
125.0726 136.9041 -3.773221
31.62916 88.34049 -5.053113
49.29172 204.4324 -5.300738
131.2772 55.19217 -4.309447
26.34897 115.4238 -5.504596
46.8139 238.0499 -5.450924
64.37232 116.5637 -3.936219
72.76431 147.0884 -4
151.5881 186.9231 -4
140.6653 81.44685 -3.591898
180.003 46.41713 -5
240.4671 109.6905 -5.517927
254.1502 245.6308 -5.867842
252.8602 117.4085 -5.656737
252.8602 117.4085 -5.663541
171.3039 148.2468 -4.420724
157.7808 139.3412 -4
70.42292 31.13891 -5.412357
43.35739 154.8526 -5.214812
182.1651 196.0832 -2.417986
223.0117 67.4278 -5.269357
64.82518 261.9458 -5.614946
58.89575 234.3606 -5.234024
15.27205 31.86983 -5.895424
160.3297 271.4406 -5.900664
154.8863 135.4635 -3.993349
157.239 32.64141 -5.334481
190.4978 45.9874 -5.04241
148.5922 64.80739 -4.216838
150.3231 72.54177 -4.100937
125.8382 37.34164 -5.120834
71.34413 246.8933 -5.330079
71.34413 246.8933 -5.335996
203.0399 67.46761 -5.049857
131.8322 197.0452 -4
32.73559 112.9265 -5.240484
57.12846 137.9656 -4.48047
272.0471 71.27366 -5.825278
177.9335 104.3712 -5
98.86807 175.198 -4
122.9965 180.4859 -4
211.6128 88.69733 -5.179734
90.8817 56.07848 -4.322388
197.0909 245.4953 -4.95363
242.2073 257.5461 -5.65483
101.3552 281.7016 -5.909274
61.59126 190.3853 -4.843916
104.8637 40.09684 -4.995598
54.64277 81.51891 -4.43665
150.7014 86.67798 -4.044541
75.11664 101.9454 -3.175823
253.4758 209.1654 -5.418795
65.22279 108.9219 -3.813709
95.23242 93.67329 -2.052819
194.8656 32.99403 -5.296417
267.2452 180.6744 -5.732121
37.24363 158.2158 -5.438432
220.4244 211.9694 -4.585897
83.36114 162.356 -4
152.111 83.87743 -4.115032
41.73362 139.9485 -5.172139
136.2035 155.9896 -4
127.2282 252.9716 -5.333917
173.2029 41.03612 -4.952904
33.95385 197.1989 -5.570163
87.7188 156.6438 -4
184.6649 127.4633 -5
124.7334 37.17731 -5.128304
43.333 25.65329 -5.712638
282.5804 81.38534 -5.955013
232.4619 68.00795 -5.376316
201.2928 262.919 -5.773651
249.8481 204.8874 -5.354202
198.5402 22.51936 -5.761467
280.5667 35.20464 -6
128.1277 152.458 -4
57.42822 119.415 -4.310427
256.0597 67.0509 -5.640728
107.1546 198.8613 -4
93.93788 179.3684 -4
67.34557 101.8578 -3.619643
209.2403 135.5851 -5.247249
169.3437 127.3208 -4.752364
150.9786 218.4881 -3.588462
106.7615 150.7853 -4
48.43184 97.58821 -4.466158
30.08128 273.9656 -6
74.47209 107.7243 -3.243309
109.9025 78.81356 -2.482059
139.7736 278.4335 -5.910677
272.13 209.2695 -5.989249
29.23127 198.293 -5.676743
236.1579 118.6629 -5.491161
89.09853 105.1902 -2.432824
30.96916 162.7204 -5.674732
246.4523 39.54982 -5.77734
148.6497 253.0503 -5.184588
257.8479 20.70737 -6
106.6222 206.6474 -4
89.51249 23.3453 -5.578415
180.8129 112.7619 -5
60.10954 219.7329 -5.183256
242.1141 152.4667 -5.511548
245.17 27.02701 -5.896012
107.8049 67.6746 -3.382363
52.48852 28.32588 -5.588373
146.6451 85.44352 -3.849402
194.03 74.57553 -5
170.2741 202.4228 -2.015005
254.4935 233.9809 -5.889399
244.6702 196.3976 -5.28453
67.14179 19.19274 -5.742513
32.06454 67.62518 -5.375235
94.66519 43.62938 -4.901765
12.73411 38.67799 -5.94061
217.3222 243.2121 -5.019111
34.95925 26.64124 -5.736415
239.5164 68.37745 -5.45609
195.9097 128.1161 -5.095376
132.1132 249.5227 -5.223257
15.34229 44.98919 -5.876383
230.9813 179.4563 -5.073886
230.9813 179.4563 -5.076958
220.9272 117.0773 -5.331265
123.1887 252.4193 -5.350202
228.2832 91.27382 -5.356394
177.541 240.9369 -4.740627
220.5065 203.7764 -4.638454
94.28049 283.0769 -5.92384
192.0111 70.48824 -5
25.46809 170.5444 -5.788851
61.51788 141.2403 -4.295842
250.3946 59.21692 -5.615001
66.61261 50.18703 -4.87059
263.3615 163.395 -5.680818
139.436 171.0844 -4
195.0664 47.58936 -5.073166
217.1533 211.9684 -4.475149
262.8075 135.6868 -5.798875
47.10873 203.9135 -5.342717
116.5375 260.8006 -5.536457
87.85635 108.4041 -2.589076
97.86567 107.4166 -2.239716
50.58476 87.90679 -4.447156
68.79349 128.825 -4
78.01378 225.1632 -4.843516
182.9628 54.23716 -5
166.9093 180.6568 -2.846836
120.5497 64.0838 -3.802006
219.5471 226.2101 -4.771769
221.1763 166.9768 -5.089543
84.04925 150.6603 -4
253.5921 67.75203 -5.613746
162.6562 47.04155 -4.686226
242.8419 239.822 -5.624254
201.9882 137.4196 -5.176192
21.58558 228.9571 -5.89136
233.4844 121.2269 -5.468667
210.2761 217.5485 -4.351888
178.7208 27.48553 -5.562299
140.5968 54.29635 -4.350166
60.34747 181.9951 -4.750918
53.89904 158.8966 -4.839993
288.0263 49.52012 -6
74.63953 101.7288 -3.201848
219.3684 150.9772 -5.275545
158.818 258.5438 -5.395498
95.87157 155.623 -4
117.4148 240.151 -5.119828
53.85781 48.24146 -5.058749
14.82806 97.10562 -5.821259
110.4109 171.3313 -4
42.3114 99.3968 -4.718283
224.3137 142.2937 -5.41557
131.986 245.6196 -5.137909
152.4054 120.2378 -3.704609
158.4216 200.0774 -3.272455
230.4606 204.3829 -4.986689
107.6658 91.49272 -1.100489
58.54838 83.02227 -4.278924
164.2733 66.79977 -4.537082
109.7391 260.6148 -5.52177
75.15677 111.2733 -3.234924
119.9464 174.109 -4
277.3256 51.81273 -6
232.1904 110.79 -5.434882
22.04316 128.3778 -5.765959
45.34194 17.79542 -5.906492
236.6471 52.70551 -5.513676
142.9398 188.2587 -4
210.4869 250.4978 -5.211055
166.6283 140.9969 -4.298595
55.86095 178.609 -4.943705
243.9547 17.23305 -5.986177
15.77759 37.09148 -5.87763
124.4499 139.7246 -3.974632
68.10091 41.62055 -5.151569
214.3951 84.15889 -5.199477
120.7673 60.13495 -4.08759
166.2814 206.3443 -2.426459
116.899 274.2545 -5.793064
230.0177 70.94593 -5.352083
205.6624 210.2593 -4.120676
226.4795 219.036 -4.844917
23.96548 42.63035 -5.695083
242.5256 206.4201 -5.212234
30.24579 193.4916 -5.621367
255.8355 43.80991 -5.848478
61.1183 46.74808 -5.056476
33.44395 73.85073 -5.236815
157.3972 173.7072 -3.742582
100.0335 125.2661 -3.269035
221.0523 199.0995 -4.686094
167.5038 153.6049 -4.214022
190.1955 232.3804 -4.412222
118.3601 42.78388 -4.87346
29.55285 170.3751 -5.680475
100.7709 282.2459 -5.918673
26.08393 211.0309 -5.785828
263.0565 217.6303 -5.931205
228.207 254.8326 -5.416081
56.13851 239.9223 -5.343529
231.7167 108.1463 -5.424821
70.98189 61.61531 -4.300174
80.46822 182.9 -4
204.8833 32.34769 -5.368226
25.96151 248.3488 -5.839571
77.75064 281.104 -5.859181
52.61745 24.60659 -5.685001
55.30055 104.4845 -4.294786
135.5738 202.117 -4
156.1311 264.4074 -5.583516
234.8728 18.84395 -5.883322
248.6993 261.9102 -5.86004
129.2417 37.60507 -5.10886
187.6918 93.15058 -5
265.8673 211.6881 -5.861738
88.56288 96.17704 -2.419656
152.2659 214.5527 -3.356388
43.78744 189.0483 -5.306464
202.4753 143.1726 -5.187996
202.4753 143.1726 -5.193539
170.1836 223.0923 -3.592902
59.35991 154.5623 -4.528944
40.74932 129.315 -5.139607
96.36335 228.2322 -4.838603
239.834 164.6538 -5.339029
267.5685 157.9518 -5.763245
95.67023 237.1597 -5.11058
146.8262 24.87813 -5.68493
261.0796 183.2045 -5.617372
227.5536 43.58479 -5.498412
204.5061 125.9475 -5.179617
255.2572 167.676 -5.528928
185.626 97.40717 -5
71.42027 102.5609 -3.388779
205.8492 37.10375 -5.320595
26.23191 91.42188 -5.267709
154.3786 221.1786 -3.717758
60.01809 107.0311 -4.089913
214.1789 118.9382 -5.265446
247.7574 163.2591 -5.449319
17.12635 135.6575 -5.973989
195.9149 98.84033 -5.038026
45.22138 21.85582 -5.800882
100.8697 268.3263 -5.653961
242.3523 76.27616 -5.49677
242.9289 247.2148 -5.617328
27.02213 82.60592 -5.272547
200.1624 25.81937 -5.611676
204.9796 173.4528 -4.60918
182.8122 35.27967 -5.208208
207.0093 35.6741 -5.350911
24.36853 115.4691 -5.577603
26.86595 169.8298 -5.754914
62.88888 153.5335 -4.34503
164.2962 165.1686 -3.787392
119.3201 217.8093 -4
245.7607 72.89897 -5.531362
164.995 37.24211 -5.125358
130.5898 251.5295 -5.278345
92.01234 241.9078 -5.196091
234.4395 261.4401 -5.686652
72.90049 42.38294 -5.104998
178.595 67.23053 -4.993798
15.75878 108.1196 -5.833528
73.45049 181.4678 -4
51.6358 139.722 -4.766614
235.9432 197.0902 -5.118969
70.46683 261.1341 -5.564861
232.0114 86.8275 -5.392159
51.79079 263.9884 -5.751231
13.94951 35.65435 -5.918654
262.0254 189.7055 -5.627317
266.9024 115.4187 -5.816451
56.86331 252.7992 -5.535066
260.4323 82.4609 -5.707042
87.84111 138.5523 -3.954271
142.1133 95.5965 -3.436206
248.8982 28.98949 -5.921376
24.97653 59.48246 -5.650926
94.81357 153.5236 -4
139.5334 126.3343 -3.184238
237.6906 269.5948 -5.971035
32.21335 100.6138 -5.109436
238.8013 118.7161 -5.518476
139.9885 174.3709 -4
132.8752 203.6577 -4
58.67456 272.7805 -5.828521
49.24323 194.7634 -5.232978
39.7275 241.5113 -5.582947
182.3819 52.35436 -5
70.93418 210.9528 -4.708079
159.8728 237.4352 -4.501315
138.0307 17.64668 -5.927703
190.8409 66.38153 -5
189.3913 40.62781 -5.095887
173.0472 51.35443 -4.794645
136.1873 59.1754 -4.182626
220.7592 225.6136 -4.796602
97.19365 235.1529 -5.0745
228.337 58.84938 -5.34404
143.3681 242.8943 -4.993962
236.913 109.696 -5.481351
173.604 166.3588 -3.891632
140.9083 40.06852 -4.996885
30.41133 227.1624 -5.730408
239.8205 174.3621 -5.241244
209.4396 119.35 -5.217467
250.4404 255.9546 -5.773285
107.8205 273.4384 -5.76264
52.98244 16.40711 -5.897546
26.21246 277.8084 -6
236.2348 152.5633 -5.443935
35.00474 274.6493 -6
251.0586 167.0516 -5.453397
189.66 191.3232 -3.428192
34.11793 193.6305 -5.541348
257.6526 219.157 -5.806566
230.1819 41.74232 -5.550981
79.40603 30.63 -5.375739
40.56281 251.2002 -5.652653
246.5534 221.8759 -5.535428
201.2611 228.2971 -4.270519
45.39354 69.8989 -4.965668
36.06178 149.7863 -5.422997
143.0049 224.245 -4.06661
143.9828 175.6447 -4
164.2832 78.74494 -4.554307
57.65442 83.76324 -4.294092
105.0278 23.71083 -5.60908
76.48146 22.96085 -5.592236
75.39888 223.7061 -4.838785
118.1704 147.8698 -4
225.7454 72.44679 -5.305688
47.60758 207.5805 -5.358364
277.5457 199.248 -5.892644
95.59759 53.42982 -4.428743
245.5398 53.63971 -5.614463
132.3003 18.68792 -5.872813
198.6669 122.5544 -5.112854
215.6686 173.2462 -4.90764
96.00289 22.51421 -5.627687
108.8032 266.059 -5.623832
50.91389 207.7324 -5.290275
59.37769 269.3893 -5.769713
250.7618 253.6719 -5.78314
160.1089 226.5462 -3.991689
259.4772 235.8388 -6
159.3807 235.3228 -4.408582
88.573 82.48701 -2.851969
209.4181 83.85562 -5.147648
162.94 199.6327 -2.723106
149.7412 250.1053 -5.111816
84.43932 149.8929 -4
67.18567 255.5967 -5.497975
225.7456 40.40279 -5.510094
127.3699 54.90235 -4.32262
63.25359 196.6044 -4.870053
127.5883 222.7775 -4.161521
29.03726 166.0259 -5.715124
94.00654 174.4749 -4
96.08855 273.4413 -5.743452
121.0522 20.46214 -5.775055
251.7549 200.5586 -5.40378
132.3518 83.609 -3.173178
146.1766 40.70642 -4.96789
16.66902 191.3752 -5.924114
15.72463 228.5223 -6
138.8413 242.9979 -5.031631
181.4377 44.6399 -5
125.7182 251.6789 -5.316001
22.46019 95.37621 -5.461173
127.0981 161.7724 -4
24.47929 67.41951 -5.587554
51.66648 40.97267 -5.26208
77.93275 47.50103 -4.885275
102.5962 177.1605 -4
40.16817 172.2938 -5.387515
68.72093 232.2776 -5.116333
89.34322 56.18953 -4.320528
97.77097 277.9155 -5.831351
229.0651 82.11676 -5.353778
259.7109 47.93057 -5.852471
226.5151 142.2813 -5.438207
71.82146 208.6572 -4.61281
240.661 148.3664 -5.551443
20.34915 100.3543 -5.583294
228.7286 69.68608 -5.336182
74.82281 256.6355 -5.477211
75.77872 255.8552 -5.462194
109.3574 248.9057 -5.298332
186.3462 37.01906 -5.126096
202.2672 235.9722 -4.575237
102.7589 129.944 -3.48785
172.0031 256.2323 -5.459449
28.5752 167.705 -5.719419
88.09023 194.8606 -4
27.02145 204.3731 -5.759799
257.0655 125.9964 -5.720765
194.4294 194.7029 -3.778863
83.41489 129.9315 -3.71528
152.61 61.90925 -4.312114
206.5517 136.2534 -5.220882
212.511 218.9005 -4.434555
51.50558 74.158 -4.682057
58.01534 206.1668 -5.130573
117.3581 198.0969 -4
269.1924 147.2207 -5.887217
145.4417 35.1108 -5.222237
169.3568 188.1093 -2.246393
273.6302 172.9818 -5.85659
63.43405 257.8062 -5.557958
125.3927 78.15578 -3.039293
279.028 80.17727 -5.913706
109.6681 75.67141 -2.788462
183.4131 54.644 -5
160.4154 215.959 -3.275098
128.4375 145.8525 -4
220.4446 197.4069 -4.674868
20.55439 220.2586 -5.897861
219.9557 205.6851 -4.607414
50.28536 42.36946 -5.233693
194.7121 233.1492 -4.449914
187.6926 245.7482 -4.950279
212.7741 169.3685 -4.921133
182.819 24.01671 -5.712908
162.0262 144.4394 -4.077369
264.125 135.5429 -5.812155
36.11467 271.173 -6
111.927 283.1283 -5.953764
202.8192 22.57315 -5.754011
253.1855 22.97559 -6
134.9738 16.1239 -5.975393
92.44861 60.97248 -4.105951
78.62476 237.2463 -5.158278
82.89658 12.65101 -5.955651
229.5218 141.7574 -5.468131
272.7567 107.89 -5.873946
100.9389 173.7096 -4
150.7894 214.6244 -3.432282
94.14605 73.75124 -3.114375
286.6752 73.93481 -5.992801
90.3115 237.9649 -5.137958
10.90441 25.6368 -6
237.0366 167.2965 -5.277231
89.38892 265.7448 -5.586005
235.9898 246.4255 -5.464534
36.53564 133.2036 -5.304336
148.4549 68.18558 -4.155116
168.7896 118.839 -4.91154
19.35616 147.0589 -5.964423
222.0274 56.79427 -5.2875
24.98505 34.18837 -5.68456
171.5015 146.0428 -4.449857
19.22674 240.5014 -5.94966
286.6904 50.19536 -6
270.1114 160.3206 -5.806779
96.07109 100.9351 -2.040364
256.2466 161.8513 -5.566565
10.05884 55.27314 -5.975649
216.8287 171.8165 -4.969639
94.13951 46.5614 -4.752499
187.3731 201.9557 -2.86728
253.4044 94.71878 -5.641599
40.04454 127.5109 -5.150942
230.9404 23.93961 -5.758661
179.3962 190.9134 -2.315346
278.951 78.32086 -5.910777
96.01319 276.7802 -5.806862
134.4697 54.5503 -4.338623
151.4679 120.4868 -3.616554
240.3651 81.17563 -5.479858
230.2029 186.1863 -5.046515
187.5536 256.7487 -5.516072
185.522 121.3762 -5
153.5416 219.1121 -3.591502
192.4507 193.5347 -3.644075
33.23305 66.53663 -5.360595
170.1938 196.5847 -2
25.8544 242.7009 -5.833693
13.61931 108.0927 -5.931907
92.86711 65.21015 -3.772324
274.4322 149.2623 -5.9199
273.5331 185.6879 -5.840702
100.5722 183.1226 -4
210.1114 36.47532 -5.375306
141.6426 154.6137 -4
86.53159 209.5341 -4.157358
176.0785 128.7595 -5
44.23347 58.51096 -5.186939
140.0192 75.62166 -3.754738
200.0947 164.0841 -4.695488
66.14047 59.14739 -4.501374
138.8485 154.8293 -4
147.8843 26.97755 -5.59193
271.1735 25.40817 -6
243.6943 179.6963 -5.305643
105.0703 210.058 -4
39.58245 135.5988 -5.215248
219.1623 184.8841 -4.742906
144.7317 75.40008 -3.950529
144.926 49.98797 -4.546001
234.735 111.9453 -5.463341
202.2353 259.0294 -5.609475
77.2029 38.26479 -5.188626
164.5823 188.3703 -2.723434
15.03494 222.2052 -6
206.2861 40.8101 -5.279993
37.5616 177.5866 -5.431797
172.9229 121.9299 -5
226.1114 191.2097 -4.912768
269.2362 96.44226 -5.821621
187.2178 128.9597 -5.007556
167.7784 140.4397 -4.350987
120.3012 192.4171 -4
201.7835 227.7921 -4.276683
193.6931 145.4592 -5.061805
198.0038 148.091 -5.074285
180.9167 114.4281 -5
274.1784 45.32425 -6
186.9464 178.1506 -3.590137
212.5763 216.4341 -4.403237
89.70571 196.606 -4
152.01 188.7337 -4
52.4788 271.5191 -5.860944
187.5732 51.13585 -5
31.52331 158.3846 -5.62842
92.234 120.1734 -3.114739
287.8505 61.5833 -6
199.1569 222.0123 -4.093357
64.51172 35.06634 -5.342647
35.49355 279.1887 -6
69.42274 166.012 -4.092722
180.6204 104.9165 -5
183.9144 222.5127 -3.809557
86.19159 237.9833 -5.149446
117.1033 260.7876 -5.537138
111.765 202.1688 -4
182.5994 67.6319 -5
89.81103 222.6938 -4.52311
32.035 261.2929 -5.882102
57.92472 246.0627 -5.422301
32.45739 166.9715 -5.619165
212.8658 230.7999 -4.658705
270.2896 25.27671 -6
267.2306 101.8731 -5.805092
172.6833 167.2899 -3.798812
68.60788 90.49026 -3.540205
213.2724 269.1675 -5.953804
104.5402 120.4986 -2.869867
212.6439 97.39577 -5.207405
166.7163 268.9433 -5.885307
74.89037 150.4148 -4
149.9951 54.0434 -4.423979
89.78063 270.1727 -5.670905
272.4352 116.5814 -5.879987
187.5914 95.46611 -5
237.8965 261.3231 -5.721658
42.48982 225.9001 -5.511785
251.188 80.01788 -5.60033
185.6975 173.401 -3.889773
252.3133 20.75815 -6
228.9128 64.3728 -5.33235
30.04487 198.1227 -5.658511
154.8573 232.9993 -4.348246
59.78556 77.04023 -4.355345
59.69952 196.6099 -5.027361
47.0421 143.5055 -5.019822
217.0853 88.68588 -5.236047
253.1139 253.3906 -5.835589
260.0689 108.6732 -5.732078
30.98543 246.717 -5.747108
59.80405 63.69131 -4.61383
56.1128 47.84857 -5.055668
54.8812 254.058 -5.571695
133.5397 221.7692 -4.062952
133.5397 221.7692 -4.066277
256.7305 150.805 -5.699148
123.5926 171.4469 -4
35.48282 101.8283 -5.004633
83.68165 26.70207 -5.454548
138.1498 263.5294 -5.490191
64.47195 261.6505 -5.612551
176.3466 94.81326 -5
207.9984 93.9374 -5.152802
94.08883 127.8291 -3.382441
262.7227 30.94851 -6
263.8016 183.9007 -5.666016
273.8782 134.3717 -5.915987
217.8631 203.7231 -4.545324
43.39054 213.8962 -5.479032
90.10507 29.55093 -5.350265
213.2458 237.3137 -4.789192
59.31686 70.75592 -4.49215
55.60986 174.7846 -4.90412
102.3006 45.88169 -4.744886
193.0011 249.3052 -5.133106
76.54071 203.5814 -4.340948
228.6422 266.1613 -5.765622
21.74962 231.7975 -5.892338
27.4657 94.27571 -5.225182
238.6516 252.3563 -5.516404
61.12717 257.366 -5.568053
269.6566 61.0136 -5.83575
66.91799 225.455 -5.072543
222.7285 112.2959 -5.340432
173.1653 183.0923 -2.477344
54.78857 52.84663 -4.985008
53.82015 196.7065 -5.151047
136.8768 91.12777 -3.197282
60.33906 188.0628 -4.870653
205.0685 134.7705 -5.202706
159.7577 173.7669 -3.575526
71.0763 242.3868 -5.261317
158.6245 136.5536 -4.013453
117.0548 263.9362 -5.596974
64.3868 221.0002 -5.102788
233.5148 80.15678 -5.40166
78.20887 65.16631 -4.002416
31.61944 31.53373 -5.628102
90.2198 170.1247 -4
268.7706 139.0013 -5.866758
86.05451 202.9087 -4
184.5544 124.2425 -5
107.5526 281.7494 -5.92035
193.0274 38.83814 -5.157923
279.1746 197.6938 -5.926176
92.56763 32.49042 -5.254041
248.4459 74.65779 -5.563525
222.5363 59.58885 -5.263793
228.6375 212.1228 -4.875328
196.0235 122.5011 -5.085539
164.7786 104.0654 -4.529875
202.6635 20.07387 -5.866191
126.3799 176.0854 -4
95.06573 265.084 -5.582743
180.4015 39.58207 -5.018254
202.8912 21.66138 -5.794784
145.5082 114.7452 -3.140009
140.9515 91.8309 -3.417346
56.94793 89.58145 -4.205129
144.7926 267.6247 -5.5649
280.1158 130.9298 -5.982336
219.8759 110.1237 -5.306808
24.37164 157.9036 -5.861476
34.73087 153.2297 -5.489194
19.52718 100.1835 -5.620288
237.1512 20.68791 -5.867012
48.43109 232.173 -5.413769
235.0794 195.2139 -5.108821
191.3044 101.9416 -5
180.6074 44.12799 -5
61.26271 268.0189 -5.735417
129.519 130.9624 -3.347893
75.05148 78.77666 -3.59809
15.87383 191.0142 -5.947102
118.764 255.4026 -5.437393
122.6143 277.7264 -5.868504
93.2125 269.0324 -5.654836
23.39042 196.1134 -5.783434
226.8032 119.4078 -5.396323
33.42531 112.8348 -5.214133
186.1602 62.77227 -5
49.42165 21.26673 -5.791405
66.60184 179.2354 -4.336195
201.6679 234.6207 -4.519607
208.5219 181.9421 -4.528224
258.1475 21.38311 -6
212.3709 128.5738 -5.265727
18.71629 213.2851 -5.921234
90.83957 105.6433 -2.341806
125.0809 156.4716 -4
149.4394 40.36632 -4.983349
64.3446 283.3826 -5.960613
267.2285 186.401 -5.725451
115.5351 199.428 -4
240.1138 122.2129 -5.538843
219.6961 227.1548 -4.793462
111.3034 120.5335 -2.702554
264.0652 51.05431 -5.873152
243.5843 86.75233 -5.522271
251.2242 207.1312 -5.372758
97.69254 232.4111 -5.029506
165.2977 86.76116 -4.547773
168.2509 67.39136 -4.664595
94.70635 167.1021 -4
134.0274 112.1638 -2.51529
147.2677 114.667 -3.300848
50.58548 259.7308 -5.696323
87.8429 118.1124 -3.115486
39.73684 68.81483 -5.144646
44.8836 252.9595 -5.642004
29.78774 77.38527 -5.280549
56.59584 184.2046 -5.004053
111.9069 278.4643 -5.864982
286.0491 72.77355 -5.984467
213.4619 221.7608 -4.510772
111.5331 56.81949 -4.250055
243.8798 230.8487 -5.628945
246.4863 251.1911 -5.691383
233.14 50.7759 -5.490713
36.08217 96.77103 -4.919057
71.13145 260.0192 -5.542675
134.9902 80.8941 -3.353611
63.72072 184.8759 -4.612548
132.2071 220.0173 -4
266.5293 78.41545 -5.771139
244.7406 171.0641 -5.334235
222.4464 258.4912 -5.46313
236.0321 177.6343 -5.168828
36.40307 190.6203 -5.472131
224.9946 218.7666 -4.796177
107.4533 78.98337 -2.387894
116.5855 66.6015 -3.566958
240.119 80.11944 -5.475916
231.114 102.8131 -5.40816
118.4084 90.90564 -2.025137
265.3878 47.26979 -5.930329
141.8886 168.4875 -4
263.5748 34.91081 -6
88.89311 17.3299 -5.799443
259.9797 179.3996 -5.601633
185.2819 256.4594 -5.496501
132.7035 65.89143 -4.025074
269.7137 32.57089 -6
228.6489 267.716 -5.812998
124.8616 161.634 -4
232.939 55.40696 -5.438413
68.94073 143.8008 -4
149.852 208.4646 -3.750265
252.042 44.31385 -5.79578
54.73589 193.0071 -5.105576
75.8314 115.6947 -3.330424
87.34619 29.91743 -5.350233
235.8768 98.2294 -5.448313
26.72948 25.80564 -5.807089
50.66287 191.0904 -5.177152
48.98863 219.0013 -5.385565
234.0914 244.6866 -5.424556
251.5546 96.24006 -5.622478
136.2505 122.0105 -2.919749
180.6791 88.07781 -5
21.91814 33.53802 -5.751032
121.6218 234.7077 -4.929523
180.399 181.7892 -2.909678
62.17073 148.6201 -4.333041
162.74 31.22621 -5.398809
164.6836 38.65235 -5.061257
12.43084 85.29092 -5.872508
25.8225 259.3493 -5.906417
50.49857 233.1116 -5.377942
23.34006 219.7019 -5.847073
85.72499 153.5799 -4
258.493 199.5701 -5.533067
40.55269 264.8902 -5.863094
109.6816 53.1455 -4.413846
195.4895 131.5008 -5.097687
190.5871 243.2171 -4.851903
201.9105 257.3304 -5.542322
113.513 152.9062 -4
87.44286 106.9346 -2.529496
35.40403 120.4119 -5.234144
160.3896 36.70281 -5.149872
69.36648 47.05235 -5.002708
107.3847 77.46806 -2.532682
220.2269 214.1734 -4.593493
221.9152 61.19578 -5.250097
262.0857 184.4709 -5.63423
98.40061 244.6057 -5.221673
48.25721 191.7522 -5.232187
254.1688 219.4643 -5.708553
72.19232 49.41469 -4.848633
148.4656 245.546 -5.020064
154.5307 258.149 -5.327672
151.8806 262.9498 -5.476058
131.8724 199.9643 -4
127.3597 81.40998 -3.003713
16.79955 199.26 -5.936279
42.24123 73.45984 -4.996394
42.24123 73.45984 -5.004314
134.6538 68.46342 -3.998468
178.8326 93.58081 -5
268.019 119.9058 -5.833998
244.8911 209.248 -5.247433
254.489 135.0808 -5.712055
50.61141 113.3518 -4.581469
253.3839 179.778 -5.481466
44.62911 257.971 -5.721227
152.0091 48.95371 -4.593013
177.1933 166.5042 -3.983795
182.7328 162.8128 -4.249199
192.5253 24.78061 -5.667231
70.0861 89.20501 -3.485877
142.8715 135.473 -3.496781
109.0906 71.36153 -3.122571
129.0128 253.9167 -5.342216
91.88188 221.2054 -4.433865
240.458 231.1166 -5.52381
238.1752 111.1461 -5.497188
52.57418 279.253 -5.978947
252.8115 152.6011 -5.63031
193.8227 19.97277 -5.881146
49.75621 66.95495 -4.878679
201.9615 118.3834 -5.138591
61.04273 88.53972 -4.09236
45.8742 35.64445 -5.435946
237.2626 150.8712 -5.478749
260.9062 59.4694 -5.743295
34.02509 30.87194 -5.631169
185.0396 169.6618 -4.06983
130.6697 34.2732 -5.260309
128.7039 100.3022 -2.353263
266.3483 106.9368 -5.800793
225.2409 181.37 -4.969196
186.109 233.7632 -4.462343
261.4366 97.75836 -5.735338
137.0171 155.8193 -4
45.92759 67.308 -4.998052
234.3008 221.1703 -5.1256
53.26819 110.1055 -4.441262
97.36835 128.1713 -3.393703
179.931 60.1465 -5
196.2394 138.9922 -5.120096
213.8894 110.9812 -5.246864
121.8449 156.6215 -4
73.77668 226.8149 -5.005425
114.1174 144.2082 -4
284.191 54.72733 -6
227.9144 185.2148 -5.0068
288.979 31.9405 -6
96.54345 53.52194 -4.422893
236.4744 107.2032 -5.471949
192.5082 75.36879 -5
216.7102 104.1666 -5.26254
163.6054 51.11539 -4.623893
97.35616 213.5716 -4.077056
56.36203 84.93047 -4.314169
34.65605 60.43657 -5.419774
159.3655 246.2446 -4.914835
52.23944 265.6088 -5.772216
37.68945 66.13129 -5.244342
203.0043 157.0399 -5.007834
42.59164 280.0502 -6
187.871 85.06912 -5
87.74351 228.1639 -4.94656
167.8219 147.3405 -4.286866
269.5573 151.8388 -5.833375
264.4487 29.50591 -6
160.2649 177.7751 -3.369571
145.8278 158.5377 -4
100.3212 166.4806 -4
124.9721 145.6284 -4
177.9772 79.22798 -4.991104
136.8343 211.1894 -4
52.85187 14.93114 -5.93697
223.7434 43.40651 -5.452841
52.36757 102.8831 -4.384754
75.39055 216.9562 -4.657838
131.7599 255.6362 -5.360838
56.84064 115.9775 -4.313308
106.5661 62.05258 -4.031494
20.08658 53.75437 -5.763182
221.4257 178.4235 -4.938079
81.75035 221.058 -4.627705
76.89609 119.3488 -3.460854
168.3396 73.5706 -4.676165
257.5174 138.0073 -5.748968
101.4181 108.6247 -2.195376
161.9865 58.2059 -4.479904
256.883 130.0961 -5.726925
208.9735 258.041 -5.527497
209.99 187.9381 -4.446259
58.95837 112.554 -4.183582
108.0476 83.97546 -2.081532
175.2164 125.6696 -5
258.0319 41.02929 -5.905752
58.0344 90.27711 -4.155899
100.0248 182.6042 -4
105.6485 105.4183 -1.770094
255.6511 87.57598 -5.658937
250.1814 168.4747 -5.435889
151.5159 219.8789 -3.673828
168.5803 142.3554 -4.365511
217.6425 133.1934 -5.329052
168.5537 97.68401 -4.653206
260.9096 50.63353 -5.838346
49.50977 129.9868 -4.78104
138.4931 251.8796 -5.230345
56.28192 40.63954 -5.243439
117.3594 273.789 -5.784959
145.3966 16.60595 -5.987234
93.29172 173.5433 -4
258.1121 59.68502 -5.706153
95.37776 148.3154 -4
63.07774 208.6676 -5.042453
169.2918 126.4878 -4.777965
134.3454 137.9434 -3.640184
64.7287 152.8847 -4.248062
39.13087 59.49991 -5.311584
267.3198 18.32911 -6
219.6801 91.8878 -5.269036
60.54921 29.96171 -5.497949
101.784 227.3876 -4.702448
83.61513 247.0676 -5.301035
166.5551 59.80786 -4.599854
281.1542 45.05088 -6
275.8036 97.46758 -5.896643
111.1641 189.2132 -4
153.2409 97.88268 -4.044866
60.03283 166.6061 -4.607779
224.0653 251.4007 -5.265455
76.50524 261.1097 -5.543852
117.3135 96.27768 -1.459149
280.5094 95.69135 -5.94761
52.76404 154.9407 -4.857793
252.6749 21.39455 -6
261.5553 133.3643 -5.781431
221.6524 53.04859 -5.323102
163.3339 100.3063 -4.410569
134.7143 18.36723 -5.891568
66.36481 56.75318 -4.540736
188.6947 64.79999 -5
206.7144 89.03693 -5.129976
50.2526 212.8291 -5.340362
222.2493 183.7896 -4.843622
86.01574 250.0465 -5.341924
52.07661 44.86924 -5.157614
126.0922 134.8709 -3.625596
157.4421 224.256 -3.878182
276.4816 93.05313 -5.899366
29.84374 241.2065 -5.759997
198.1643 185.4024 -4.184875
255.6034 230.5046 -5.918154
101.8049 84.64919 -2.211735
277.2312 171.0413 -5.924121
117.6688 24.86265 -5.602434
68.3019 24.17189 -5.606057
250.011 112.8093 -5.623523
262.0425 132.7085 -5.78516
71.86401 82.18671 -3.684437
24.1007 110.9625 -5.532444
18.81586 71.18958 -5.682796
42.51689 174.4395 -5.314438
261.865 133.1676 -5.784233
159.6803 242.4073 -4.733729
109.9306 141.4978 -4
113.0466 42.86753 -4.869658
39.3727 223.2031 -5.56403
257.924 176.3749 -5.567673
109.4315 176.2836 -4
153.3097 73.76279 -4.197779
187.3019 74.69155 -5
76.8982 41.22967 -5.112902
149.5353 251.9682 -5.154432
68.86995 226.8134 -5.03937
83.28697 254.2045 -5.415518
126.6876 234.7814 -4.849741
190.1202 216.4928 -3.544521
66.45826 110.5622 -3.754265
52.49965 135.1895 -4.681035
125.0578 90.14676 -2.489747
60.09606 235.85 -5.246442
108.0328 24.40052 -5.592097
82.79863 166.3506 -4
95.7056 198.8578 -4
122.0002 236.0263 -4.991459
21.05389 108.5673 -5.614702
248.1084 254.4911 -5.723371
66.57484 217.8784 -5.034808
157.5528 189.0241 -3.668953
149.3772 85.26725 -4.009825
282.9987 104.8494 -5.985791
40.50452 197.542 -5.43556
101.7041 144.6439 -4
205.7965 183.673 -4.419344
87.70639 280.497 -5.863962
176.609 160.6396 -4.200147
67.85962 81.78535 -4.00759
36.22797 68.09875 -5.252879
129.3529 206.2411 -4
176.1458 67.40034 -4.916039
186.7826 130.4486 -5.005994
50.26233 269.6358 -5.851336
181.3212 218.0972 -3.357592
248.5224 166.2374 -5.426875
114.2619 59.07029 -4.146621
156.2185 201.3034 -3.524537
162.7102 269.7555 -5.866487
31.07201 31.01535 -5.644922
82.77907 71.96352 -3.534749
249.7043 161.8493 -5.487763
45.56209 165.2307 -5.209059
66.43648 113.5206 -3.783102
128.6481 210.8458 -4
128.5897 163.5965 -4
150.1107 47.21482 -4.672054
92.21218 129.5406 -3.485161
156.8436 88.31978 -4.243778
159.9862 27.95209 -5.547632
231.4091 30.22392 -5.69013
236.3498 229.0491 -5.349698
250.0542 170.9805 -5.430794
212.6266 205.6631 -4.348436
78.87896 283.5052 -5.906724
253.0555 225.3676 -5.815397
150.7457 252.5852 -5.159529
204.2749 158.8311 -4.993929
22.53672 180.547 -5.819218
65.38458 215.5166 -5.042909
107.4362 135.9803 -3.74771
243.689 221.7898 -5.4412
40.0572 258.7961 -5.773777
188.2056 124.3485 -5.008682
44.33826 180.7308 -5.234257
44.33826 180.7308 -5.238558
130.5681 235.2615 -4.810526
264.8153 26.50169 -6
46.64893 101.8383 -4.586144
95.62681 217.4413 -4.237425
198.7081 246.0271 -4.97752
36.9619 246.7319 -5.639817
25.94842 193.9691 -5.714667
179.1465 237.1459 -4.589335
78.80332 38.1144 -5.183661
118.6766 18.50663 -5.840713
284.8675 19.48242 -6
230.184 263.6232 -5.705599
60.60178 209.0276 -5.096812
151.9154 40.00629 -4.99857
81.72106 69.86411 -3.659257
271.8229 48.03268 -6
229.3948 86.584 -5.362452
188.9197 247.0474 -5.006126
44.32284 242.923 -5.502384
95.05339 76.11955 -2.975134
76.79924 74.37565 -3.672807
38.14947 129.7537 -5.22994
79.62976 137.1854 -4
141.8843 43.95214 -4.820357
33.22926 145.8693 -5.491226
214.718 119.1155 -5.271343
279.3423 159.6543 -5.975105
91.99077 206.4134 -4
236.5346 121.195 -5.500003
220.5158 43.8975 -5.407335
265.9703 54.34785 -5.861481
131.6773 53.55238 -4.383983
182.5867 242.7554 -4.821619
126.6841 262.8437 -5.555897
246.7781 148.9849 -5.611921
186.5845 222.3758 -3.849267
25.48179 115.9745 -5.543038
51.314 206.0926 -5.27024
215.6154 96.72103 -5.236671
30.63203 278.4657 -6
42.51475 258.9674 -5.754977
90.05983 36.68128 -5.158545
133.3709 164.8902 -4
211.8179 227.828 -4.57337
65.668 125.7869 -4
230.7634 241.0843 -5.355135
190.6207 231.7639 -4.387857
45.32767 174.9061 -5.237065
231.6115 56.42331 -5.410938
57.62846 236.5511 -5.278735
163.5344 172.5808 -3.470704
231.7026 226.8042 -5.154623
230.3482 234.4196 -5.263532
234.3454 29.3983 -5.735604
265.9987 72.17048 -5.75823
61.9863 198.795 -4.986358
275.8507 63.4885 -5.886337
100.4102 121.3895 -3.029871
196.553 46.64522 -5.101133
165.149 34.54614 -5.247903
257.8794 74.55572 -5.669538
120.7486 124.7543 -2.877751
191.2345 37.55189 -5.153911
117.5755 251.8272 -5.367407
132.3544 222.1755 -4.099271
214.7545 182.1408 -4.683304
50.86196 213.3081 -5.331021
176.3908 267.1293 -5.936313
261.2042 61.35868 -5.726694
170.0077 247.9731 -5.019347
208.5897 24.45098 -5.663058
39.98367 235.2862 -5.569749
29.92664 85.61114 -5.144046
155.9905 263.8038 -5.559012
89.75957 144.9551 -4
236.4302 222.0696 -5.212394
46.87294 157.1233 -5.113391
61.90079 222.2326 -5.15818
173.4942 54.18835 -4.81289
84.73018 227.1331 -4.906844
88.62664 69.28897 -3.477249
138.1235 180.4053 -4
263.4538 115.8768 -5.778163
215.0674 198.7434 -4.476667
210.9296 115.9788 -5.226194
182.2582 20.38904 -5.87613
151.3394 53.70927 -4.444526
267.1868 146.2427 -5.864654
206.8596 162.9054 -4.926895
87.32784 17.63116 -5.783825
272.2595 103.0094 -5.86293
233.1048 57.03381 -5.422985
17.9279 195.2524 -5.891588
18.63175 63.68526 -5.781025
239.1998 111.8811 -5.509176
102.4126 86.34177 -2.096842
24.23317 72.77212 -5.508003
246.7659 247.2029 -5.702354
234.8872 136.0981 -5.512267
145.9237 57.32199 -4.321338
197.5836 151.4756 -5.023091
239.3906 108.1225 -5.503771
160.7466 257.6654 -5.386172
193.6464 108.9415 -5.034481
80.03009 97.09278 -2.880217
24.60385 245.5737 -5.860115
162.6592 115.1113 -4.536511
246.8969 165.3644 -5.41657
124.7384 33.5367 -5.293787
252.6313 40.12896 -5.848124
234.5998 43.61318 -5.585926
215.9199 132.2089 -5.309389
185.8303 77.53143 -5
263.8356 101.9507 -5.766984
52.77252 136.0554 -4.675298
115.2267 256.0903 -5.444676
277.9148 60.44544 -5.944784
25.09112 225.6914 -5.823905
161.1194 52.34785 -4.574939
37.33554 187.6032 -5.431162
77.35814 117.6697 -3.366769
174.2559 53.18495 -4.835729
26.5845 207.0755 -5.771377
169.7833 250.3673 -5.145411
158.7435 114.4803 -4.267262
94.38574 21.98238 -5.642777
