130.3526 154.6824 -2.065967
75.22929 14.22955 -5.984279
251.5562 107.8441 -4.868681
240.4268 119.5891 -4.57918
168.5955 112.2071 -3.033083
173.3949 145.0135 -3
270.862 52.4536 -5.576134
23.4897 105.2882 -5.742559
170.8607 72.48902 -3.59838
34.96251 43.44056 -5.643486
251.1912 109.6348 -4.843135
45.46739 35.7296 -5.605179
277.913 93.70297 -5.790713
275.5627 73.54438 -5.786479
155.1668 264.8466 -5.836441
128.416 91.13173 -3
248.9624 218.787 -5.614032
235.6132 237.4846 -5.484298
230.5953 56.02942 -5.15768
197.0965 139.3139 -3.431823
166.7451 203.4516 -3.911498
92.58143 258.6941 -5.701111
166.0995 107.9032 -3.216413
146.6826 269.0225 -6
134.638 188.3348 -4.09494
59.74565 29.25957 -5.57064
225.7288 52.53818 -5.229853
106.7163 145.0981 -3.518984
120.4619 204.0934 -4.533438
280.2801 101.7262 -5.894779
93.61952 230.4944 -5.247992
138.4549 190.0678 -4.092731
190.5425 134.989 -3.307102
169.2572 23.79609 -5.639902
97.90537 193.6501 -4.60302
177.726 101.0388 -3.707519
233.332 129.1181 -4.371306
178.1164 36.18346 -5.386105
243.8487 106.5036 -4.757319
167.8371 117.1923 -3
225.3097 163.6589 -4.097959
207.5316 41.57796 -5.440432
134.2448 153.0765 -1.058465
162.3347 68.55061 -3.502608
154.1814 165.7034 -2
95.89639 207.9167 -4.911787
250.1065 101.3168 -4.886821
255.1382 202.5669 -5.399919
239.8523 170.5313 -4.469529
206.4365 85.40279 -4.190769
270.3607 178.1761 -5.338296
136.694 146.4979 -1.840529
67.26335 135.686 -4.730885
194.5111 257.0067 -5.522182
158.8571 166.5445 -2
160.0167 261.2468 -5.698413
218.8662 143.3285 -4.007071
134.2301 99.91035 -3
274.7135 144.0606 -5.630036
39.71198 22.92992 -5.97367
219.0098 224.8193 -4.994849
131.4934 20.41286 -5.527903
83.07948 238.0545 -5.433464
150.4549 162.5274 -2
144.4419 99.4871 -3
242.097 222.2812 -5.498461
163.9367 73.59549 -3.374592
213.436 61.73108 -4.858962
35.18685 41.04635 -5.682121
174.5276 259.1325 -5.611811
213.4539 157.3317 -3.57033
211.422 73.22956 -4.373406
171.8218 55.2505 -4.369082
73.5983 93.90281 -4.013109
282.0465 51.93225 -5.827611
113.9852 143.9458 -3.145348
211.9558 115.5002 -4.166803
138.3935 100.3839 -3
28.65213 182.379 -5.782294
261.8539 32.71279 -5.623342
219.4676 79.37844 -4.465789
175.0182 243.232 -5.041208
229.4415 129.5105 -4.312515
159.4609 260.3873 -5.66627
137.1115 36.59073 -4.856198
160.4492 153.2354 -3
188.0421 25.37616 -5.778301
144.3614 125.693 -3
273.0863 137.9924 -5.58745
278.2657 183.7214 -5.632147
22.45855 90.18095 -5.925803
233.2845 246.4116 -5.467918
135.9671 211.7402 -4.600267
74.9865 23.56389 -5.695901
70.63928 257.9068 -5.790267
255.8027 214.2695 -5.716361
231.7671 78.14898 -4.700061
223.4521 36.66308 -5.58808
95.44943 205.0828 -4.861778
274.4554 202.7696 -5.898563
214.7813 169.133 -3.80683
91.16716 201.0473 -4.83936
149.7089 50.06815 -4.206347
171.3197 28.37538 -5.518728
112.7131 98.50656 -2.749046
158.5396 57.45049 -3.801551
29.9378 186.0659 -5.79275
37.92899 39.99764 -5.653978
221.4462 99.77306 -4.394535
149.4292 60.46515 -3.441423
93.84304 75.50257 -3.152517
241.3943 142.358 -4.510087
99.45247 149.0185 -3.986327
162.3138 217.6978 -4.394873
121.9862 29.04904 -5.278501
154.3267 220.3455 -4.634202
252.9837 194.2354 -5.148377
230.4758 174.2347 -4.237845
256.807 248.7934 -5.933881
209.9741 46.26231 -5.321199
84.15661 111.4466 -3.872271
262.9079 139.7801 -5.153174
250.0623 216.1832 -5.607258
53.83735 114.0743 -4.644417
70.01504 223.488 -5.436558
205.4336 113.7534 -4.060335
152.2092 185.3162 -3.657348
107.2171 109.0987 -2
106.951 84.15223 -3
280.3952 171.8032 -5.752762
84.62142 216.29 -5.145681
117.1645 108.1506 -3
210.6132 108.212 -4.172501
69.22815 236.2857 -5.566031
216.6393 219.2232 -4.841294
73.90432 153.8124 -4.783985
262.4495 87.76174 -5.30354
262.881 165.6055 -5.077485
129.4352 153.1865 -1.950267
242.4611 74.30173 -4.922093
36.03689 110.3102 -5.122317
215.304 98.13126 -4.294257
212.4731 112.2271 -4.188844
181.4428 34.59048 -5.464022
110.969 55.61889 -3.920536
56.56294 80.2994 -4.626937
135.6342 171.2472 -3.382312
115.8059 259.1866 -5.641704
104.1238 25.32424 -5.531518
149.9371 242.7061 -5.170725
270.8263 148.4347 -5.453514
85.95244 193.6202 -4.863206
85.51564 170.6874 -4.648709
118.396 208.35 -4.635341
210.9058 171.4211 -3.76545
149.8179 16.04973 -5.821976
218.821 156.8676 -3.830659
192.7385 209.114 -4.186877
274.6665 165.2221 -5.544248
138.166 66.75242 -2.61022
194.9885 199.5441 -3.94713
124.3356 215.8364 -4.73431
99.95829 102.9698 -2.145514
134.0537 201.6967 -4.370804
172.3334 170.9764 -3
49.63844 171.129 -5.386522
276.7946 103.247 -5.76295
265.8638 233.3416 -6
221.1733 118.1335 -4.316612
152.1368 256.7248 -5.531649
212.4161 134.261 -4.020593
246.6863 106.78 -4.805566
105.9335 33.70149 -5.216535
120.8869 229.1121 -5.049021
138.3046 126.2487 -2.450496
265.0557 146.5569 -5.224646
121.2514 23.45341 -5.485757
210.8893 138.6949 -3.829949
256.4815 75.2703 -5.262291
166.5418 31.06338 -5.396262
78.74023 243.2353 -5.535918
79.64696 54.5532 -4.452597
150.8319 100.9715 -3
25.68077 157.4186 -5.751793
229.8907 28.5901 -5.739859
198.4404 222.2941 -4.514794
256.7692 116.4848 -4.970886
104.1654 71.89136 -3.108805
282.6601 189.7642 -5.858984
106.4706 73.5451 -2.945748
117.7034 133.9631 -2.326135
238.3882 46.74987 -5.357245
130.6156 130.7856 -2.39274
253.7434 245.716 -5.864209
185.9604 162.3218 -2.600666
278.9225 73.31582 -5.86167
161.6501 39.36642 -5.124448
147.9473 128.2655 -3
75.37864 251.0862 -5.663704
123.6176 191.6966 -4.263496
65.63814 77.13386 -4.320969
110.4507 238.3384 -5.26409
277.4108 73.23664 -5.826946
102.8796 93.83962 -2
87.54285 187.9334 -4.765913
88.21555 238.43 -5.394303
64.47739 187.5131 -5.242943
21.12206 193.397 -5.979662
113.5168 73.57349 -2.220337
52.41031 244.3686 -5.941874
238.5926 26.87413 -5.758975
254.3587 95.15201 -5.004889
103.8572 115.7361 -2.958043
246.1488 131.0243 -4.658231
75.01214 228.4552 -5.39127
168.1565 180.2111 -3.209237
256.8219 269.9155 -6
158.1067 242.3675 -5.121592
49.33231 130.4459 -4.971701
237.331 197.2481 -5.013002
282.0294 115.338 -5.984019
118.286 128.2236 -2.059089
80.08191 110.7435 -4.038246
266.2991 238.2614 -6
262.7368 199.473 -5.422195
265.0274 122.3254 -5.289425
144.7978 225.5313 -4.895135
45.12897 82.19165 -4.971598
39.68648 92.40339 -5.115967
64.89843 36.72606 -5.322005
209.5549 157.383 -3.379943
21.20467 89.07198 -5.993246
63.72322 36.25996 -5.340394
132.1169 183.0076 -4.015311
114.3992 49.2833 -4.181692
213.7045 244.4705 -5.080186
286.3339 39.50955 -5.928491
211.7731 151.644 -3.45816
73.17519 16.40017 -5.92393
69.51941 243.0291 -5.621534
280.1477 127.0989 -5.918471
169.5813 153.6711 -3
103.2388 230.2743 -5.163
278.2021 178.5655 -5.64181
251.2851 92.94702 -4.961273
144.7495 190.2271 -4.020843
257.3891 26.36822 -5.735515
264.2857 147.2192 -5.190486
114.6113 145.107 -3.129891
235.836 204.2599 -5.130676
140.9133 36.4279 -4.921578
239.7096 241.6381 -5.577584
211.5776 94.95524 -4.242107
265.0676 125.2445 -5.283386
239.422 194.0148 -4.95137
95.11058 28.45044 -5.476901
98.41828 78.65918 -2.40155
174.9932 229.3911 -4.624785
162.7123 204.454 -3.957021
160.3628 30.48424 -5.344859
147.4731 202.5273 -4.302264
121.5749 243.0516 -5.327915
149.0133 201.2028 -4.224212
190.6609 215.4566 -4.338759
67.80923 111.7827 -4.377041
21.24676 45.91591 -6
59.78077 35.81926 -5.367292
162.7293 147.457 -3
89.69116 104.987 -3.434728
139.3545 76.73661 -3
199.3866 158.2983 -3.119073
107.2285 164.692 -3.998508
107.2285 164.692 -4.00264
35.78905 123.2851 -5.18165
64.68485 210.0719 -5.392378
221.4023 176.1867 -4.132314
251.7566 186.5274 -4.918997
254.0229 267.363 -5.939936
86.11348 134.7996 -4.171833
30.17794 50.98271 -5.63094
173.9993 129.9068 -3
243.5625 89.71074 -4.840636
196.1697 23.33204 -5.894726
158.4772 134.3954 -3
168.8296 160.2109 -2.984274
258.2655 178.7562 -4.915033
279.5704 71.51867 -5.86756
168.7513 89.07123 -3.531561
198.308 241.2581 -4.972036
256.6766 208.8646 -5.588818
263.2198 48.64665 -5.474982
266.2097 47.44059 -5.533902
133.466 217.4857 -4.743255
62.24064 219.4186 -5.532248
149.8195 34.06259 -5.136688
211.2465 21.20476 -5.922688
73.04998 253.6044 -5.715379
259.9209 228.2822 -5.927946
117.6815 156.1479 -3.295826
255.4764 194.5576 -5.191291
114.953 102.6267 -2.734285
240.6662 131.9082 -4.508051
243.8048 170.0996 -4.568471
274.156 144.4146 -5.605804
192.6049 152.3859 -2.179491
16.23747 126.3491 -5.954213
75.06564 240.8924 -5.537764
93.05207 218.9033 -5.106597
100.6086 258.9655 -5.661064
129.7262 211.2004 -4.607941
191.7595 156.3871 -2.218038
70.58235 260.7143 -5.821528
70.58235 260.7143 -5.829731
99.27819 179.0946 -4.374192
245.926 157.8402 -4.638205
176.1837 174.0737 -3.107033
63.35111 119.8104 -4.574875
141.7381 136.7124 -3
155.5798 68.85685 -3.31051
175.6381 146.7066 -3
265.1987 17.77089 -5.895444
133.083 149.3109 -1
270.3844 129.1426 -5.498696
93.18185 61.37284 -3.923687
236.4788 212.5122 -5.247644
242.2648 158.6066 -4.541611
56.97493 50.93844 -5.10259
186.6769 168.4487 -3.125863
145.3976 137.1596 -3
274.5257 196.6625 -5.748984
213.2904 45.54176 -5.35977
208.6327 121.075 -4.086792
134.853 71.45469 -2
234.0922 110.1019 -4.573298
46.55644 174.9918 -5.462174
182.5386 162.5897 -2.058736
64.67662 184.0956 -5.216785
145.2323 65.03595 -3.032566
92.60414 89.10695 -3.013978
95.9181 217.7759 -5.067877
231.5787 233.2917 -5.391389
155.0386 140.3899 -3
238.81 61.37806 -5.051269
98.27634 15.1812 -5.87737
113.4229 103.0789 -2.379026
87.21769 256.7311 -5.699627
237.0733 185.4603 -4.665773
92.57593 45.64912 -4.741908
169.419 130.3908 -3
206.881 230.4438 -4.733749
206.9051 117.3223 -4.071702
159.1933 211.0191 -4.240306
265.1425 205.22 -5.637034
283.8948 32.39812 -5.9665
222.5073 150.7158 -3.983539
207.1365 45.98594 -5.313475
111.3529 250.7561 -5.490667
267.5154 75.01785 -5.571525
49.77756 140.9021 -5.264604
245.5863 128.6102 -4.647069
94.55922 132.8999 -3.824092
265.5646 155.7602 -5.209012
126.8542 69.77953 -2.332615
128.6318 120.4404 -3
146.1682 46.77411 -4.361404
167.8385 167.2491 -2
187.456 52.76917 -5.0136
135.2781 83.65581 -3
157.0591 162.49 -2.079918
125.5247 129.6886 -1.373419
43.64339 203.6894 -5.714672
74.07011 142.6216 -4.62216
204.1363 99.33482 -4.095238
230.7618 216.6627 -5.166757
208.2402 257.6406 -5.549342
256.4914 100.0331 -5.015468
205.3761 212.6929 -4.418848
26.95475 156.7827 -5.72623
205.7084 74.95301 -4.257848
150.8812 263.2381 -5.777828
64.13732 228.7799 -5.590137
14.34043 181.0758 -5.981021
98.47829 124.695 -3.442951
168.9554 114.0571 -3.053078
159.056 214.3973 -4.340652
177.4127 142.1154 -3
27.09058 116.1652 -5.479632
73.19056 260.6167 -5.817151
151.0222 199.7537 -4.130387
68.77525 97.31237 -4.14254
261.1456 52.56214 -5.401372
35.81377 194.8052 -5.776218
47.84183 229.9491 -5.883914
172.8723 190.38 -3.564446
153.3659 199.1312 -4.051522
133.8478 203.5596 -4.415193
238.0094 135.1544 -4.430501
49.97873 91.40947 -4.764197
215.8829 158.9068 -3.696085
255.1099 171.9266 -4.846852
161.4483 204.2175 -3.985536
248.1574 180.8457 -4.698473
224.3603 185.2202 -4.428387
208.4328 252.6685 -5.374244
95.58179 186.1188 -4.539333
274.548 110.3897 -5.687867
55.72695 192.3777 -5.428271
70.68842 152.2174 -4.85177
214.4969 138.309 -4.003407
22.81331 114.8979 -5.687052
81.7899 32.92662 -5.382972
80.32824 66.93807 -3.843975
226.9145 268.8175 -5.927449
133.8618 97.71931 -3
235.4253 15.72171 -5.990271
150.8394 248.715 -5.247674
151.652 134.3999 -3
267.7298 54.26967 -5.513909
41.31129 221.4523 -5.902639
202.4439 76.50665 -4.17172
251.3523 44.40547 -5.381434
135.3936 83.23603 -3
83.5382 232.3936 -5.35812
66.37049 237.7542 -5.63075
265.1375 189.6343 -5.248905
24.01888 74.2939 -6
122.6078 244.1277 -5.339027
208.2606 211.0342 -4.476025
58.92869 31.85695 -5.492913
67.4972 228.5513 -5.52754
47.57454 129.3105 -4.983384
156.7882 121.9578 -3
61.97764 249.7242 -5.817738
152.1506 189.3373 -3.784671
121.1182 177.0022 -4.00206
211.92 230.7077 -4.882049
157.3143 29.30256 -5.343133
22.35276 147.4075 -5.82279
265.8773 210.8157 -5.80177
131.207 35.66401 -4.955702
104.8208 230.6553 -5.154285
111.6784 124.2792 -2.959608
272.9317 243.2292 -6
135.7366 129.2653 -3
263.2933 72.15654 -5.482715
160.3476 60.63248 -3.717722
107.0739 257.1111 -5.600566
95.96667 214.6273 -5.027735
175.0334 225.9013 -4.532364
227.486 156.2143 -4.138289
54.33721 238.295 -5.852437
257.6925 266.9377 -6
100.8542 56.15369 -4.064002
219.3873 73.54031 -4.502847
129.4783 236.9929 -5.183746
189.2353 89.39892 -3.979746
274.4856 193.7435 -5.674932
118.6663 77.05826 -2.097428
158.6511 174.8162 -3.038321
149.7402 135.9605 -3
200.5723 68.16874 -4.494339
187.3338 45.22551 -5.226495
181.6396 173.3801 -3.137456
169.4737 231.3376 -4.769032
238.2081 221.4601 -5.398349
205.6758 213.3686 -4.437774
132.7034 78.70903 -3
134.9122 264.8929 -5.847792
215.8526 199.9769 -4.521148
215.8526 199.9769 -4.52763
271.4626 116.6795 -5.577512
216.1354 225.6056 -4.9246
227.6453 111.4249 -4.455906
106.2393 132.0639 -3.362725
90.46049 238.9095 -5.381166
228.8957 134.1874 -4.25148
248.8116 244.6911 -5.764808
44.04593 66.25131 -5.120118
249.6331 28.17632 -5.71284
248.2413 152.2127 -4.686715
154.0495 88.53539 -3.018979
221.3388 145.3955 -4.017979
212.0743 176.7414 -3.895851
144.8801 185.2943 -3.860189
135.8107 50.23445 -4.083449
165.2944 76.37064 -3.388991
80.62361 236.6696 -5.436981
218.3667 255.0199 -5.449636
106.0773 51.10434 -4.216418
277.675 144.2583 -5.750527
78.02741 183.4109 -4.96842
113.9004 32.7987 -5.196428
204.6012 184.9518 -3.874101
284.0782 161.6696 -5.943746
149.7755 104.0674 -3
241.613 258.9628 -5.670911
203.0033 36.48627 -5.559767
162.6277 54.85411 -4.044616
40.15798 198.8014 -5.743205
74.30068 225.0965 -5.37383
42.45499 168.07 -5.467198
73.48196 241.725 -5.561804
92.31053 205.3442 -4.908955
226.1369 115.3275 -4.414119
199.3 73.99989 -4.246118
126.2979 171.4608 -3.61292
236.0513 23.29177 -5.836003
174.7846 111.9138 -3.320212
231.953 58.80457 -5.086554
73.59282 174.449 -4.995297
242.4676 107.9004 -4.727732
59.38649 192.8249 -5.367229
35.06954 61.90606 -5.492397
50.1824 193.3009 -5.531375
227.5501 65.23826 -4.827292
37.11646 147.904 -5.523707
92.52507 158.9609 -4.334893
165.0063 112.0617 -2.837585
131.5704 22.26927 -5.460248
108.748 254.8354 -5.560439
156.2522 164.215 -2
278.4297 192.9706 -5.792289
175.1609 172.1252 -3.034726
279.798 92.33258 -5.86113
154.3198 250.8349 -5.308538
70.10939 117.0771 -4.409298
168.0502 20.75204 -5.755921
230.5062 133.1646 -4.285643
63.16586 17.38762 -5.926963
116.1786 66.68665 -3.219995
52.25578 36.78778 -5.460131
247.9684 151.3468 -4.677259
72.08088 219.2314 -5.360988
99.88062 222.8806 -5.098414
140.8462 59.33425 -3.431057
252.8754 106.4867 -4.9026
199.1989 191.6738 -3.873508
208.6643 155.6969 -3.328909
76.83672 257.9546 -5.75332
87.23887 62.72231 -3.958127
184.8819 232.464 -4.745065
112.9004 135.6278 -3.105748
100.3329 177.2123 -4.328274
60.22766 51.47077 -5.032446
163.7713 20.69825 -5.728534
240.8659 38.7675 -5.514291
76.09904 152.2453 -4.704023
123.3767 161.3646 -3.280873
100.0316 158.5237 -4.114893
212.5703 93.11228 -4.266717
229.6907 166.5924 -4.222764
272.2264 37.55701 -5.731752
101.1173 13.03049 -5.934458
79.14897 197.075 -5.049762
94.20628 81.33423 -2.942134
90.63519 131.9279 -4.003592
156.7131 67.61742 -3.383037
285.3745 61.94333 -5.952365
98.96659 218.9576 -5.056731
272.0522 54.81545 -5.614767
36.63442 132.1016 -5.438597
229.1779 268.7657 -5.91617
113.8023 218.5423 -4.882067
135.1785 244.9778 -5.282103
277.5244 125.3008 -5.811909
51.97282 43.20306 -5.332939
212.6099 198.5721 -4.397314
47.94293 112.2752 -4.714562
240.9116 248.3228 -5.622702
243.3561 187.7056 -4.826415
22.55868 145.5446 -5.819295
200.2014 246.6376 -5.151202
132.3594 231.3525 -5.062055
272.1479 17.68774 -5.941804
165.7325 174.9954 -3.019193
122.4323 185.6941 -4.158244
185.4413 198.8524 -3.876674
176.9112 19.10827 -5.88434
169.6471 67.89032 -3.721711
279.8317 55.24421 -5.79357
195.0994 125.8594 -3.683074
152.946 144.8367 -3
155.9627 143.4404 -3
174.6901 231.1424 -4.689804
119.8516 70.24312 -2.7404
151.3743 92.31294 -3
72.75032 252.9287 -5.709415
38.31198 108.1724 -5.037199
207.6548 163.2665 -3.461165
190.505 257.8189 -5.554705
115.0387 47.14504 -4.330092
211.8647 245.1193 -5.108303
111.4992 145.1782 -3.280198
151.9352 89.53182 -3
159.3896 133.1231 -3
168.2519 175.1274 -3.051436
173.9652 250.3095 -5.279413
48.25221 188.984 -5.536496
72.3727 123.4341 -4.425149
72.03829 52.11067 -4.677176
240.4885 170.8201 -4.484913
149.6799 134.7863 -3
103.7906 36.10168 -5.143914
200.7713 103.204 -4.021297
162.8311 214.4247 -4.274038
174.4692 231.1095 -4.691732
102.0988 217.1415 -5.007046
217.2587 212.421 -4.754866
146.6424 266.1034 -5.887873
197.5947 264.748 -5.812604
84.65644 242.0761 -5.470725
74.63288 93.76538 -3.965497
270.4863 176.8839 -5.346211
105.8173 155.8885 -3.843723
251.3109 259.3856 -5.861205
158.3855 72.96406 -3.246677
50.74326 184.111 -5.460595
90.14187 34.89708 -5.277872
68.33777 196.1468 -5.232702
234.5764 34.96753 -5.602441
43.00434 122.5133 -4.954463
79.37828 203.8578 -5.090751
201.4459 126.8518 -3.880001
202.3734 101.8401 -4.054596
81.59568 39.11233 -5.182008
82.46203 185.964 -4.878428
131.0551 260.2409 -5.67422
185.5559 52.24382 -5.018061
80.53095 41.86707 -5.089422
225.5162 52.84642 -5.219962
92.27294 40.99166 -5.043323
183.5113 149.674 -3
24.89428 99.71945 -5.728319
13.92547 142.3671 -6
221.9654 69.65121 -4.602905
148.0214 42.82576 -4.597102
163.544 255.0228 -5.462065
186.9646 203.2544 -4.010945
149.0473 106.4352 -3
121.4602 96.06904 -3
169.441 88.9796 -3.556982
117.6503 51.02917 -4.047597
248.9698 92.16571 -4.923858
57.77455 156.6084 -5.152525
229.3756 234.5177 -5.353153
55.01059 167.0243 -5.272594
51.73507 48.89678 -5.235711
180.0008 150.1714 -3
255.4614 173.4355 -4.853321
74.2314 38.93952 -5.222074
149.7773 83.62745 -3
139.2365 232.1811 -5.059506
280.2821 36.42465 -5.867989
222.9103 229.9633 -5.149704
215.5243 219.9313 -4.820218
79.69016 112.7244 -4.075058
182.9394 45.59151 -5.189977
79.78669 215.3767 -5.187417
59.08754 63.97315 -4.677585
248.3703 129.267 -4.721453
163.037 206.153 -3.996736
163.037 206.153 -4.00356
184.7456 56.39584 -4.85007
25.4113 147.7167 -5.760756
29.5836 58.80822 -5.716591
19.89536 121.601 -5.760433
67.83298 56.34037 -4.607346
65.45808 245.4353 -5.716389
189.7627 85.25337 -3.959556
69.61264 35.29093 -5.35063
160.3223 85.24436 -3.27909
184.6299 95.26842 -3.928844
243.2174 141.0269 -4.561782
131.5512 150.9766 -1.083894
274.1764 91.39938 -5.643072
186.9316 124.9844 -3.42004
44.20608 167.6508 -5.438294
210.2379 174.9631 -3.817509
99.11837 20.01593 -5.724753
114.3362 241.5866 -5.318655
185.4518 108.2568 -3.792735
126.4098 211.9209 -4.635661
67.28337 146.7587 -4.874584
127.8945 257.0519 -5.555481
158.1355 170.4669 -2.191657
142.9758 28.18959 -5.2787
270.5769 130.5792 -5.503055
45.32949 148.0574 -5.357372
205.1875 119.106 -4.034722
177.6739 132.2497 -3
83.93367 163.8977 -4.622917
175.2081 118.9197 -3.157109
261.1063 195.8319 -5.302773
109.2579 91.00124 -3
234.6688 268.2229 -5.873295
180.1401 87.90053 -3.781167
240.6413 79.61451 -4.853564
83.72431 181.0052 -4.796824
149.4469 194.5186 -4.021446
114.3634 170.8996 -3.871437
210.4821 209.2769 -4.512714
188.9973 152.7718 -2.484118
158.8908 129.4561 -3
161.2792 205.0177 -4.014068
244.8778 193.3211 -5.012378
200.1701 154.3365 -3
273.9479 250.0318 -6
273.2753 180.3089 -5.446431
135.1663 23.96933 -5.397123
223.8395 222.9644 -5.084604
136.6553 193.6357 -4.178785
234.7855 56.31276 -5.170241
213.0507 110.1282 -4.207254
123.2718 51.96236 -3.905051
117.7767 195.9258 -4.400281
240.9523 148.7011 -4.48735
53.21977 87.61897 -4.686379
193.071 32.92133 -5.606269
128.8305 225.9725 -4.957533
186.1883 131.8653 -3.230211
272.1108 50.79439 -5.596351
124.2089 122.2102 -2.112651
100.356 230.7195 -5.193255
103.3688 34.29108 -5.212195
65.43165 181.5375 -5.186607
60.01126 131.1117 -4.804619
240.1393 39.92178 -5.492242
67.52502 42.50593 -5.134111
183.715 257.9742 -5.563783
128.9862 209.2453 -4.564473
135.1489 138.6455 -2.600096
240.7839 27.73411 -5.737649
158.8366 232.3773 -4.952871
215.2037 87.6292 -4.334368
74.49319 226.5331 -5.383304
221.8599 62.78976 -4.882315
215.5191 262.0247 -5.713112
14.67703 161.4625 -5.973111
63.12878 63.31186 -4.546128
204.9626 211.2234 -4.384508
264.4931 169.7779 -5.130255
14.8915 127.8967 -5.980904
150.0932 181.1174 -3.535174
151.4542 181.4655 -3.545321
174.6165 226.8589 -4.554817
225.3617 138.8568 -4.148817
177.6012 254.9287 -5.451851
248.514 172.3051 -4.682255
143.5405 233.2582 -5.069162
160.083 72.92522 -3.293658
110.6986 199.7282 -4.551882
131.8399 19.15351 -5.569773
131.8399 19.15351 -5.572924
162.5167 147.7653 -3
52.25521 139.3286 -5.126746
232.7289 219.9169 -5.252517
262.436 103.8788 -5.210825
128.7997 37.53934 -4.850373
230.3618 205.4849 -5.019209
220.3317 36.39318 -5.599134
86.88188 135.3509 -4.156585
244.9549 182.36 -4.694316
77.74356 50.04612 -4.686366
261.27 269.1691 -6
122.553 162.4073 -3.339197
249.0761 251.6248 -5.792471
112.5638 155.2411 -3.487203
156.9761 43.72061 -4.853152
140.921 171.3538 -3.262819
217.5858 97.54815 -4.336264
74.38168 109.1674 -4.183627
102.0575 112.8952 -2.86146
168.108 170.5421 -2.328501
165.2722 156.2346 -3
14.13955 179.2981 -5.977544
73.4526 103.3487 -4.135921
147.9572 159.437 -1.763108
38.26044 43.25134 -5.584754
260.1451 245.1144 -5.986965
89.50458 239.6898 -5.399181
195.317 141.1369 -3.326523
171.8229 156.5777 -3
28.12487 167.2982 -5.698738
94.58418 159.5584 -4.285045
180.3889 201.888 -3.938116
91.66916 240.74 -5.393931
94.53451 61.37981 -3.897547
282.4076 135.883 -5.977526
207.5161 116.5878 -4.085257
246.8252 115.0058 -4.720843
240.0354 57.48199 -5.137177
83.78615 200.1923 -4.984169
71.26806 78.40816 -4.117757
271.7157 61.61116 -5.640497
223.8889 72.41342 -4.593059
27.01676 143.9257 -5.729622
207.2919 106.1644 -4.122899
48.88392 83.96391 -4.843788
145.2584 193.0217 -4.087643
161.0415 204.3026 -3.999016
161.0415 204.3026 -4.000902
45.50208 119.1949 -4.861808
151.8091 174.1384 -3.133358
102.8843 160.6958 -4.065508
61.36399 118.301 -4.5846
19.97393 141.4703 -5.873098
135.4102 109.5534 -3
225.4844 43.85966 -5.438847
146.4793 96.63427 -3
201.9618 73.52185 -4.286684
165.8652 91.94348 -3.395906
282.0496 87.95797 -5.94085
197.8026 216.81 -4.381984
101.4299 80.90351 -2
178.2067 60.37556 -4.365417
247.8838 14.56447 -5.99135
233.1564 102.7285 -4.586411
174.2185 150.3796 -3
156.253 16.81262 -5.8353
256.8441 202.8691 -5.431465
72.68577 120.8103 -4.38237
159.9633 223.1745 -4.617678
59.00962 228.7455 -5.682219
47.93749 186.4126 -5.52494
139.0843 208.0283 -4.502998
168.3941 200.1526 -3.82445
285.0346 71.16612 -5.989938
46.68884 149.619 -5.329286
258.5837 159.6742 -4.951705
128.6987 135.9869 -1.408309
122.5719 78.56162 -2.853016
122.5719 78.56162 -2.857583
151.9804 88.81027 -3
163.3121 116.0823 -2.650529
235.1947 226.8381 -5.395186
161.2159 161.409 -3
57.10042 62.46382 -4.805597
125.3104 131.2104 -1.156712
261.7907 250.6513 -6
266.4731 253.047 -6
247.4573 233.0801 -5.700728
275.9005 129.6231 -5.731525
78.1538 34.7163 -5.33974
64.81517 256.4094 -5.826839
92.20406 84.33795 -3.019875
15.63283 179.9086 -5.952886
168.8501 87.96923 -3.548012
279.031 141.8382 -5.815648
47.11198 220.7128 -5.798118
147.7391 240.2915 -5.149807
80.09654 189.5448 -4.975106
130.8594 229.1873 -5.022634
73.63842 103.2307 -4.129007
181.8672 174.9676 -3.175155
92.69981 45.57045 -4.74602
168.7762 134.9561 -3
185.2749 18.99276 -5.946885
170.0668 141.4112 -3
209.9281 187.9774 -4.072966
209.2798 260.2714 -5.643423
118.8506 39.70098 -4.82541
193.6355 263.6251 -5.772143
182.9912 65.651 -4.276689
173.1707 115.3637 -3.173744
243.1654 153.0114 -4.552155
119.9395 211.0071 -4.672376
18.49882 185.19 -5.952901
242.3416 179.6894 -4.57673
154.7861 99.32628 -3
262.4647 64.02229 -5.442218
142.6809 87.96122 -3
214.6019 228.4848 -4.924788
261.6712 68.85653 -5.447935
233.3173 63.13437 -4.958812
260.3349 140.0285 -5.043314
193.312 37.61812 -5.474621
248.4803 215.8022 -5.565952
220.361 168.3607 -3.957032
195.5838 31.49865 -5.660315
77.25132 60.75135 -4.205733
104.2271 123.1224 -3.203938
124.7189 226.332 -4.979372
258.535 182.0493 -4.916772
257.3866 174.9841 -4.898862
47.61273 184.7135 -5.519348
114.7015 182.1167 -4.161411
163.9835 97.29559 -3.266528
266.8722 130.8536 -5.345097
77.02591 255.4095 -5.704172
175.8068 229.2208 -4.620467
81.41164 18.79041 -5.822206
120.5428 100.982 -3
260.7204 59.58742 -5.380818
184.9894 174.0239 -3.211794
217.4489 36.83835 -5.595295
185.927 148.1398 -3
139.3153 213.5976 -4.632944
203.5742 26.42391 -5.830856
185.7861 205.2154 -4.055421
210.6298 134.5294 -3.975475
148.6521 130.0696 -3
170.7109 225.3556 -4.544139
37.96576 51.75258 -5.445814
211.7898 158.735 -3.495213
142.9788 96.2593 -3
274.632 56.12161 -5.679776
268.0797 44.17444 -5.59746
136.2332 230.2779 -5.029568
243.731 197.8601 -5.117454
212.4072 223.6431 -4.787817
89.53176 169.0028 -4.527851
90.71233 108.1491 -3.45413
186.1916 142.2558 -3
59.73811 181.5161 -5.286051
99.75756 75.55686 -2.909273
112.8379 238.2079 -5.254782
256.7085 198.625 -5.316576
136.8709 261.3971 -5.715059
276.2765 247.5136 -6
42.42656 163.065 -5.427924
162.2626 88.68878 -3.307046
34.00124 105.5407 -5.25857
224.742 196.9294 -4.711786
97.24336 26.92269 -5.517068
202.2707 214.3187 -4.354841
270.1485 107.9876 -5.514529
49.19491 153.0505 -5.277308
127.0452 53.2033 -3.795203
38.87077 170.6928 -5.540353
165.0033 43.99202 -5.038615
127.5153 96.72686 -3
185.9978 58.71835 -4.76511
225.2065 53.04312 -5.212696
243.8801 179.5783 -4.596747
254.106 66.90599 -5.266526
69.86144 149.2784 -4.838098
89.57364 164.2995 -4.480447
159.5371 96.8285 -3.115093
82.93589 169.3812 -4.702823
211.3407 246.8378 -5.172291
167.4213 238.7035 -5.020912
249.985 272.006 -5.950697
244.5966 192.1141 -4.974049
209.9436 106.5588 -4.167444
172.6519 87.8064 -3.626211
58.29143 230.2409 -5.708631
39.09321 207.9649 -5.822624
89.36858 12.35125 -6
248.0724 108.1514 -4.816541
82.43725 127.2614 -4.181869
172.7742 76.12367 -3.541219
239.7874 108.9097 -4.677097
77.45213 75.34668 -3.842729
74.62694 257.626 -5.747959
74.62694 257.626 -5.756221
184.0989 159.5202 -2
124.9859 84.64973 -3
243.7258 233.5447 -5.629544
119.1967 128.1648 -2
109.7382 120.8348 -2.767427
117.3721 105.0742 -3
114.7033 148.8592 -3.214171
213.5119 249.4426 -5.262281
258.2338 163.3607 -4.937448
109.7293 216.6256 -4.898713
264.1799 198.0369 -5.424898
223.1566 198.9755 -4.713284
216.532 252.0281 -5.345954
140.5409 171.2487 -3.26666
146.6364 149.1904 -2.8481
261.6272 145.2701 -5.084259
187.7313 211.428 -4.222618
193.347 69.813 -4.370064
129.9962 111.9526 -3
184.8152 191.2824 -3.653659
152.966 155.9094 -2.730315
89.34608 143.4856 -4.198885
173.9686 235.0649 -4.836022
100.3906 39.81997 -5.031943
171.5623 57.49383 -4.222337
62.47378 140.46 -4.907884
283.9734 52.26738 -5.873022
82.53366 249.1402 -5.577997
163.8531 57.36684 -3.922788
20.11794 133.2379 -5.873159
254.5814 74.74494 -5.214716
147.1973 133.5917 -3
200.1715 204.3933 -4.142755
236.0942 139.1421 -4.371805
84.69381 144.8814 -4.351693
105.1482 58.10323 -3.886529
56.54402 170.5539 -5.26919
156.7774 244.5974 -5.159215
47.91611 118.8742 -4.816772
19.50704 108.3372 -5.897624
75.91043 52.24961 -4.613211
242.3056 46.16725 -5.36201
18.74354 129.7805 -5.902235
66.62194 177.4906 -5.138938
224.8231 48.95632 -5.326295
113.6316 214.1473 -4.797516
93.92944 191.8449 -4.638622
63.83012 80.36066 -4.381581
257.362 77.82884 -5.261238
68.26563 222.6938 -5.460923
38.4438 185.3404 -5.662744
268.4604 228.9211 -6
110.0742 197.3534 -4.513319
270.7279 79.03991 -5.620691
240.7066 77.14809 -4.871045
259.7488 167.4216 -4.969003
132.4531 240.2999 -5.233224
67.62004 114.3278 -4.419432
244.4499 74.59753 -4.956709
128.8629 113.192 -3
219.5136 231.2545 -5.087111
125.8475 183.8716 -4.090874
90.64034 109.0609 -3.47891
53.76039 105.8091 -4.558417
94.92093 114.3099 -3.376564
148.8492 198.3624 -4.147119
96.67967 242.4077 -5.3846
39.43378 76.97496 -5.266302
111.9376 166.8975 -3.820628
205.1736 212.1287 -4.404409
32.16296 130.6112 -5.546659
86.33106 143.6684 -4.287352
125.0073 152.1881 -2.636169
63.30305 33.23582 -5.435498
169.8547 51.9963 -4.567991
242.6361 216.0497 -5.433833
271.4741 159.4551 -5.436369
88.9995 151.1538 -4.320964
181.4487 183.5475 -3.411398
267.1741 27.77499 -5.757868
167.7802 113.591 -2.952878
94.52121 45.45293 -4.730162
228.0887 155.1387 -4.151868
205.3667 91.79814 -4.146676
227.4075 117.1187 -4.425653
214.6174 153.475 -3.610071
149.0908 106.9272 -3
155.6166 74.20299 -3.173397
30.73009 105.5397 -5.408493
104.1883 170.2602 -4.159714
277.0746 35.17077 -5.83187
221.8014 60.40202 -4.979375
136.7876 187.4893 -4.058383
82.97319 85.00421 -3.511586
89.99678 235.3934 -5.340766
185.7447 113.7867 -3.659967
132.9987 261.2582 -5.711657
274.4595 72.16651 -5.754654
173.363 168.0708 -2.1234
245.306 260.7744 -5.748735
78.22207 100.3196 -3.925392
158.081 43.88494 -4.880431
115.4586 95.03077 -3
229.6847 36.86178 -5.572888
188.1639 97.00781 -4
238.4753 41.32504 -5.466836
157.2692 17.20651 -5.826234
170.3352 43.37704 -5.112377
233.2177 218.0475 -5.240696
156.7526 192.3037 -3.746631
136.9017 130.6039 -3
123.2584 55.26187 -3.725051
135.6003 246.7884 -5.304472
112.8641 46.96727 -4.372379
84.49911 234.3815 -5.374988
159.716 140.0174 -3
86.4484 116.3999 -3.866888
162.1566 177.9593 -3.144847
134.274 23.49676 -5.410261
39.55044 171.4736 -5.536617
41.70139 214.2761 -5.820027
103.0277 248.5954 -5.491492
198.8884 32.86407 -5.639766
189.3172 126.0675 -3.47714
97.59859 268.3253 -6
138.1582 263.8705 -5.807707
137.35 196.3122 -4.233697
205.1635 219.4099 -4.515617
213.5663 101.6598 -4.249973
281.9411 38.662 -5.869778
82.05519 192.4579 -4.952942
95.75295 113.6083 -3.316967
183.0708 186.8475 -3.515737
195.2746 241.9722 -4.986645
92.19308 251.8391 -5.587154
98.22444 14.3481 -5.903355
114.8016 243.8892 -5.36374
246.1229 270.9946 -5.929043
57.66079 142.9971 -5.056777
124.5676 48.36806 -4.112192
127.6807 168.8505 -3.453074
270.6784 248.8173 -6
122.4877 158.4649 -3.218038
235.8178 179.156 -4.462492
180.3681 31.80885 -5.525801
158.6893 223.8104 -4.657452
42.93095 73.36822 -5.138345
224.9092 222.9779 -5.109514
126.947 251.7645 -5.419424
273.3873 201.5426 -5.831032
194.2558 115.8294 -3.908571
258.2191 90.96812 -5.15395
169.2164 136.2354 -3
136.1368 114.808 -3
77.44666 155.8929 -4.712506
56.61988 77.49188 -4.642314
151.9669 98.51857 -3
105.1832 77.48051 -2
89.96492 245.633 -5.470232
155.5147 26.46167 -5.435986
185.0008 236.026 -4.834391
236.9459 220.01 -5.351212
73.92424 184.1115 -5.055141
210.3033 153.2703 -3.39825
226.6457 130.9397 -4.257165
251.0475 73.00555 -5.133837
116.5368 88.97653 -3
68.80694 119.1167 -4.470481
68.80694 119.1167 -4.47669
55.0343 117.9908 -4.684935
223.2436 206.3683 -4.833519
221.9685 105.6769 -4.380088
107.2189 75.84121 -2.118019
156.4795 236.2993 -5.047786
172.9946 185.1061 -3.412022
103.7982 177.4364 -4.240512
102.695 169.6497 -4.192471
196.8436 162.3382 -3.205862
30.87514 211.4522 -5.980368
67.40786 37.73046 -5.282457
127.936 10.02781 -5.927079
214.906 28.06073 -5.777429
261.4786 73.8287 -5.415584
205.2172 186.9855 -3.928019
70.1292 166.6026 -5.005357
245.7188 84.01104 -4.917906
98.46169 98.37756 -2.206246
131.9681 156.4278 -2.211113
57.26944 74.48119 -4.624008
199.4069 118.1006 -4
172.2001 62.97791 -3.957008
98.82916 247.971 -5.49066
286.7088 43.25523 -5.894445
161.5861 123.9337 -3
257.6876 238.5343 -5.917727
263.6028 116.8214 -5.243563
78.14332 112.4943 -4.117047
240.9774 156.1332 -4.50094
195.9014 102.1398 -4
63.04502 72.71841 -4.419464
272.7815 166.5925 -5.461624
259.4088 189.4619 -5.10976
280.046 47.31363 -5.759491
146.888 50.47399 -4.16062
212.95 150.8965 -3.50893
217.0679 209.7708 -4.708821
164.2609 184.2441 -3.291791
230.1843 205.944 -5.020785
144.174 114.2069 -3
139.3043 74.68997 -2.896657
62.11826 250.3278 -5.820642
40.46608 187.0006 -5.646369
78.61016 152.0362 -4.629508
135.7617 117.4711 -3
62.31503 89.11736 -4.393867
30.95768 119.9448 -5.268394
165.7093 121.4882 -3
181.1841 202.249 -3.95279
194.8463 180.9277 -3.562224
45.0813 225.1203 -5.878709
195.0436 236.4029 -4.852132
80.7933 126.9198 -4.225247
142.8206 242.3759 -5.205009
36.85582 55.22887 -5.407584
50.92151 42.65828 -5.363259
37.25386 125.2994 -5.195845
113.2296 249.0446 -5.457122
188.1632 212.3662 -4.248506
71.33083 230.9664 -5.480223
148.721 86.72329 -3
55.16869 33.72531 -5.470426
52.627 113.4573 -4.655003
266.1838 187.4108 -5.229797
234.8932 265.8287 -5.783327
119.3935 260.5456 -5.691241
176.1822 143.2433 -3
94.62917 197.2897 -4.718781
55.76254 115.623 -4.636327
43.39637 69.262 -5.153925
170.3577 212.2427 -4.162928
261.3326 134.545 -5.100205
67.23345 93.44169 -4.214219
228.5057 128.5459 -4.310468
211.1705 146.3108 -3.55495
254.5798 69.54968 -5.266512
217.981 73.91378 -4.474525
205.8569 146.3944 -3.306204
274.099 166.4486 -5.516147
248.4148 256.7214 -5.796137
275.4355 69.64134 -5.764421
55.85631 111.7528 -4.575087
290.7735 44.8308 -5.990955
115.5508 85.96534 -3
244.8448 115.0511 -4.69268
61.39264 84.85329 -4.448652
64.84364 255.0057 -5.813679
250.3704 197.9736 -5.21193
160.3215 239.0555 -5.0644
161.7706 48.12362 -4.62162
131.8198 33.71598 -5.044579
225.3235 89.86259 -4.504261
224.1771 17.49594 -5.974541
203.9274 26.7192 -5.824249
68.33526 44.76271 -5.06147
43.09453 159.523 -5.398475
231.5084 232.9899 -5.38603
232.482 53.44548 -5.232377
138.486 20.8217 -5.548671
207.092 224.9403 -4.655514
50.5274 167.6199 -5.345709
41.03113 27.98127 -5.845531
101.8293 207.4397 -4.822954
284.9226 49.93243 -5.883115
287.5994 57.75894 -5.98235
254.0491 76.12231 -5.186173
183.3217 222.7159 -4.489625
277.8062 23.96708 -5.962275
57.43881 22.41057 -5.790584
287.5844 43.04559 -5.905947
287.5844 43.04559 -5.914633
229.964 90.55277 -4.585034
201.0045 24.24531 -5.879536
269.8609 47.54666 -5.589066
24.96909 192.5126 -5.916453
196.6997 144.9354 -3.209457
106.8771 124.7303 -3.164842
265.9143 184.1178 -5.151691
66.06132 141.8189 -4.844542
56.03176 170.1864 -5.275711
212.0866 72.11462 -4.424198
172.5299 61.03635 -4.056059
266.255 27.49264 -5.7467
65.2459 168.8379 -5.105601
68.68578 232.1267 -5.538335
128.0649 12.71732 -5.828949
239.6921 88.35826 -4.778395
164.1188 152.8101 -3
195.0674 174.5518 -3.444923
79.97562 257.6932 -5.739271
135.5573 150.1644 -1
149.7512 262.0505 -5.733585
193.9332 23.1936 -5.88639
66.93698 122.3829 -4.554994
52.26712 105.1986 -4.608669
270.5784 167.8185 -5.371118
159.3808 216.0964 -4.380866
139.9977 20.90088 -5.555888
228.6125 185.4642 -4.537954
281.1993 76.37333 -5.928398
199.9637 233.1049 -4.776832
28.19422 40.63751 -5.818255
66.4241 230.9649 -5.568619
117.8905 196.7195 -4.414602
197.6653 213.7794 -4.308776
14.83281 144.7354 -5.976004
222.14 269.0784 -5.956882
175.2665 146.9426 -3
73.3721 129.5546 -4.474687
63.82089 233.8307 -5.641342
161.6247 96.0223 -3.198257
145.7409 119.1009 -2
187.7233 146.9989 -3
279.9936 129.7949 -5.902798
190.2849 110.3836 -3.908879
251.6315 104.5053 -4.900636
72.28176 221.0092 -5.373384
124.9063 244.2268 -5.327852
149.4794 75.32938 -3.013044
79.2064 104.5443 -3.97144
273.8736 61.10673 -5.687033
232.1282 162.0998 -4.27753
164.7448 160.3802 -3
219.0125 37.75063 -5.574037
203.8811 219.7047 -4.48342
185.8387 77.87254 -3.823438
36.71363 36.61247 -5.745865
163.8996 132.3373 -3
62.90583 115.7629 -4.519853
144.4236 87.20083 -3
70.31202 104.8237 -4.228161
126.1607 155.6126 -3.014123
182.3752 37.98212 -5.384617
119.7272 160.045 -3.353681
154.3745 51.78165 -4.148773
101.4365 108.0933 -2.426833
84.79083 157.8106 -4.538139
110.224 63.7133 -3.463097
42.47587 25.3316 -5.873961
100.4858 79.59784 -2
215.8257 212.9847 -4.722473
231.1574 128.9403 -4.34298
34.93847 150.1533 -5.566989
226.3333 31.02264 -5.697024
178.3619 133.3716 -3
261.8475 267.0702 -6
54.9484 211.9253 -5.57431
185.4099 112.9601 -3.669505
242.5472 248.3233 -5.654566
153.6329 51.04018 -4.184128
75.05981 85.52656 -3.957255
174.6371 141.7997 -3
203.9655 107.7574 -4.058699
181.7637 134.8486 -3.005325
256.5325 229.9146 -5.867239
250.717 196.7143 -5.183167
239.7587 148.7663 -4.45487
63.57095 24.9248 -5.692088
43.31755 94.25433 -4.954344
171.1132 132.779 -3
137.2957 31.27745 -5.113273
115.6712 94.72253 -3
94.78957 253.8275 -5.619946
175.4258 95.74445 -3.688624
135.698 144.3591 -1.947972
239.0605 174.152 -4.44438
67.54076 222.6345 -5.47345
157.8232 32.09714 -5.274907
226.0052 25.34187 -5.812537
276.7589 199.228 -5.890185
65.29847 47.90386 -4.995562
213.8877 105.786 -4.239118
66.79171 54.92316 -4.696062
14.66208 140.3404 -5.98105
114.9962 167.2067 -3.725328
230.5395 153.7554 -4.214402
156.2494 64.10129 -3.482673
85.64456 166.9681 -4.608735
113.751 102.3508 -2.523719
112.5435 201.8476 -4.569064
140.0205 138.4961 -3
100.3785 99.58513 -2
75.57977 208.0023 -5.188847
227.7997 38.23217 -5.548543
23.53275 189.0946 -5.91033
117.635 87.58621 -3
238.3247 22.36755 -5.850625
197.3692 172.2238 -3.455487
51.92751 63.151 -4.979369
280.2435 57.92724 -5.8161
94.2424 208.4476 -4.944413
69.69747 133.6204 -4.633647
147.4973 70.17943 -2.88027
165.4448 120.9633 -3
75.70211 183.502 -5.02
69.1061 209.5156 -5.312792
137.0478 57.07 -3.572558
113.1471 27.7344 -5.384587
142.8735 70.17145 -2.311678
186.16 101.2251 -3.999364
186.16 101.2251 -4.000745
193.7068 84.48054 -4
163.2791 31.40348 -5.35208
31.06465 151.2279 -5.64503
239.548 109.4082 -4.670947
131.6872 84.72394 -3
145.4685 34.92057 -5.067103
212.6651 196.9781 -4.361851
55.64194 126.0922 -4.799776
131.6665 195.4184 -4.260145
268.9882 135.0524 -5.423764
32.78877 183.0428 -5.727131
108.1413 86.51408 -2.999159
108.1413 86.51408 -3.000525
186.0833 35.28067 -5.495894
27.56297 62.34326 -5.834327
252.0621 48.97778 -5.299439
76.70351 130.7298 -4.392983
64.28699 107.9573 -4.376545
51.80528 68.42494 -4.827401
174.7 268.7228 -5.973327
110.8632 106.4366 -2
165.1083 134.1679 -3
148.0157 174.6423 -3.250464
103.7514 160.145 -4.032773
56.86389 150.2584 -5.123053
244.4836 37.50916 -5.533263
276.0899 88.62523 -5.712332
22.43652 138.0009 -5.824495
246.5628 36.36185 -5.552746
76.76083 57.42545 -4.364632
16.09688 119.3367 -5.954886
108.0259 61.29867 -3.645601
87.38285 60.89877 -4.048218
196.8374 83.878 -4.029904
239.1928 155.188 -4.450634
67.63335 130.2547 -4.650409
251.7214 192.7853 -5.092375
216.7921 134.4264 -4.079791
99.77354 210.8238 -4.917333
163.5921 28.77971 -5.424671
118.9897 22.29166 -5.542754
60.9456 94.83697 -4.401591
158.9649 50.42521 -4.294522
180.7622 206.8472 -4.073713
283.5542 169.7969 -5.890078
218.2282 182.706 -4.191657
166.2074 266.1488 -5.880303
125.4731 77.58511 -2.881762
244.2287 106.6087 -4.763509
238.7865 65.55001 -4.912294
271.6182 125.5876 -5.560489
253.4073 182.0149 -4.812037
116.2422 84.66017 -3
172.3566 211.666 -4.157499
142.7917 33.50286 -5.075614
266.2509 170.9133 -5.195827
275.3344 174.4977 -5.540048
226.5014 203.26 -4.879187
230.9248 105.3582 -4.53712
216.0241 63.37835 -4.812142
39.51017 187.781 -5.66652
235.2701 223.4993 -5.355619
174.3856 208.4721 -4.085565
106.1943 94.33261 -2.152906
242.2528 192.7365 -4.956806
264.8023 259.3044 -6
18.34994 165.019 -5.897464
233.7338 132.6736 -4.336307
26.85154 52.5757 -5.792981
54.83671 126.6036 -4.821035
109.4282 159.4843 -3.755004
272.2374 176.4646 -5.415181
242.5732 89.12662 -4.826299
236.9802 61.15447 -5.047573
164.2482 59.36766 -3.865551
267.0574 246.0939 -6
134.8493 131.561 -3
210.9877 195.2721 -4.273413
170.5647 18.11582 -5.881008
120.2196 110.887 -3
54.1987 159.5723 -5.228263
129.3951 143.8587 -0.3664345
223.7894 195.2826 -4.645799
236.5894 196.5066 -4.981384
255.6527 92.77124 -5.064618
143.9951 83.83559 -3
40.02809 75.55826 -5.251785
162.8948 200.3543 -3.823719
145.8188 267.1462 -5.927579
236.2512 210.9247 -5.222737
97.18861 238.7935 -5.322197
126.4069 137.4424 -0.4837332
139.1808 10.68066 -5.967785
222.2858 240.4061 -5.23416
233.4879 93.1646 -4.632591
58.59452 215.672 -5.553279
167.6147 73.51134 -3.476385
263.3414 152.3223 -5.131596
140.1576 167.1619 -3.076502
51.58448 36.34808 -5.481386
144.1483 215.7244 -4.667103
72.31581 119.8328 -4.38057
131.658 214.3037 -4.674473
268.2527 231.9976 -6
170.237 248.3471 -5.207187
91.78178 159.4329 -4.362952
168.8635 84.66972 -3.524677
261.2073 90.97559 -5.236941
29.77751 110.3017 -5.409281
234.1893 97.3958 -4.625628
254.3617 156.8129 -4.851024
183.8647 130.7429 -3.1762
112.2579 82.51394 -2.763193
153.5054 104.8163 -3
128.5507 255.5959 -5.50027
85.96557 241.591 -5.453417
76.47133 36.65088 -5.285455
180.8498 105.2904 -3.706507
67.10642 57.49465 -4.595212
215.0714 87.36677 -4.333113
241.6538 146.5235 -4.510063
261.5331 213.2283 -5.771916
80.8295 241.2156 -5.492578
76.73827 201.3774 -5.120472
90.08812 67.32152 -3.635952
211.7749 131.204 -4.046558
252.5486 157.2715 -4.805246
197.4302 45.22204 -5.281916
123.417 125.8309 -1.792016
160.7586 210.7179 -4.190914
236.0719 231.8237 -5.474855
123.4075 43.38892 -4.493371
205.4965 234.2677 -4.809639
158.9223 183.3045 -3.403768
21.37004 154.7868 -5.840019
267.9459 19.49036 -5.857854
98.0418 44.08303 -4.783414
172.8104 184.0106 -3.379254
79.63981 136.3129 -4.379347
41.86118 79.76357 -5.129896
158.6651 75.38466 -3.245045
71.20362 227.0634 -5.447353
282.609 54.34638 -5.852242
94.43809 239.5011 -5.354633
114.5477 139.9511 -3.07843
165.018 116.3846 -3
68.02817 177.1171 -5.111864
14.04099 141.9473 -5.993043
148.4444 139.5548 -3
190.6683 95.24403 -4
114.0181 241.4422 -5.316636
25.77823 93.44212 -5.744317
221.3403 176.226 -4.131428
102.0781 34.24476 -5.222418
264.826 223.0885 -6
86.67271 120.4144 -3.947753
91.29937 207.7185 -4.969399
145.9916 199.8309 -4.263603
38.58767 202.7433 -5.796824
125.2484 144.0673 -1.081508
34.85783 201.9943 -5.84719
238.3106 147.4342 -4.417858
272.0959 23.26344 -5.881719
150.5531 257.5574 -5.563793
132.3311 207.121 -4.503717
117.7914 261.9095 -5.743427
257.4176 18.55567 -5.893516
198.4045 50.31921 -5.142951
276.4415 83.72526 -5.732762
165.3243 118.6149 -3
276.8888 28.87999 -5.895893
54.92354 166.0404 -5.267588
198.4431 35.22542 -5.570475
206.9246 211.7094 -4.44812
168.9189 63.84934 -3.839184
164.9258 131.8588 -3
238.5122 27.44479 -5.747574
240.2185 244.4327 -5.596571
160.4341 157.7484 -3
236.0996 71.41353 -4.824184
273.0707 245.0462 -6
220.0726 255.3221 -5.453828
130.5001 124.7966 -2
103.2168 265.2767 -5.877298
143.3853 147.4445 -2.832918
116.2907 94.32914 -3
263.9063 25.34691 -5.744494
170.7504 50.04179 -4.788077
189.493 120.4131 -3.62121
92.81858 61.94998 -3.896972
106.93 246.1171 -5.430646
112.4244 243.1472 -5.355444
118.2944 122.1559 -2
228.9124 134.8696 -4.243922
94.5677 114.0146 -3.388188
266.3001 58.81509 -5.503759
144.9913 47.52156 -4.310033
92.71451 111.5542 -3.428162
99.70295 261.7925 -5.747592
233.4158 126.1204 -4.406713
181.5331 45.96498 -5.16495
266.909 142.6085 -5.315477
156.1654 124.7782 -3
97.33935 225.707 -5.155796
58.70098 36.67824 -5.345398
58.70098 36.67824 -5.349264
110.6083 181.9449 -4.201732
51.85241 21.62826 -5.833588
96.94821 118.7383 -3.372882
66.53329 164.9025 -5.056974
100.7823 31.43027 -5.332797
30.87443 39.62814 -5.789653
48.35846 48.44313 -5.306845
180.9163 178.5161 -3.262558
114.6537 50.68059 -4.108086
15.53069 183.4377 -5.982363
148.5949 177.7387 -3.387378
228.5975 177.1597 -4.294953
200.5049 155.1631 -3
40.97484 215.4304 -5.844378
252.6411 90.52691 -5.003297
114.248 139.2754 -3.084565
162.6125 78.59355 -3.350397
128.9231 114.3662 -3
254.9913 123.5031 -4.910776
106.7157 254.0476 -5.560781
29.26986 183.1992 -5.779774
288.8734 50.71424 -5.976691
34.56371 107.9548 -5.211063
32.23838 114.4547 -5.259123
237.8994 48.61922 -5.320304
118.6874 183.0494 -4.142102
122.5135 37.72109 -4.921538
97.54885 182.9642 -4.457198
88.27202 18.93682 -5.794623
87.65897 78.56405 -3.294386
16.18207 153.5782 -5.94549
246.889 81.70896 -4.954618
139.2425 61.91171 -3.210456
85.55229 201.6688 -4.952856
84.01396 176.1446 -4.741438
43.92795 208.8782 -5.744119
227.8763 110.5854 -4.46327
99.59809 152.3902 -4.037472
140.7728 16.59797 -5.737041
107.5584 137.1152 -3.357577
112.7973 12.19443 -5.921122
150.6547 56.56908 -3.778982
181.1904 261.4829 -5.697272
214.3861 205.585 -4.567946
47.55161 37.35048 -5.533913
132.4486 147.8085 -1
97.60879 241.8176 -5.370112
184.6122 261.215 -5.685548
222.6971 45.62992 -5.40803
164.5162 25.42144 -5.54072
134.9742 239.2183 -5.20475
88.91897 183.7684 -4.68917
273.6158 62.13652 -5.686234
278.636 114.2022 -5.851472
258.5597 253.5694 -5.983531
240.5436 194.8613 -4.993077
35.81716 185.9694 -5.706101
63.32651 29.06388 -5.564673
194.6752 240.6207 -4.953535
180.6958 107.9864 -3.631264
239.8168 234.4684 -5.556394
186.3352 204.5203 -4.040262
284.8588 70.41171 -5.982241
240.2973 232.258 -5.558577
181.8338 167.1944 -3.010161
99.3268 169.5371 -4.278811
265.3331 239.9142 -6
186.514 266.9356 -5.900339
130.999 109.2372 -3
192.0825 172.1172 -3.326353
202.5513 30.88417 -5.715889
93.23049 45.40662 -4.750914
127.483 196.6897 -4.324037
149.0122 93.46672 -3
153.5622 127.644 -3
141.0736 125.0098 -2.212231
75.25097 30.49754 -5.480196
78.75318 23.25017 -5.692966
148.4824 233.4106 -5.052011
180.6296 264.264 -5.802399
127.7468 25.39051 -5.372678
148.2973 111.7614 -3
246.253 49.37614 -5.290016
76.46307 17.08338 -5.891718
35.82914 139.0218 -5.552981
237.1008 63.50287 -4.97367
224.0731 54.28255 -5.171397
134.1438 264.3416 -5.827372
20.6536 142.2511 -5.859055
200.9968 195.7282 -3.994697
252.0596 197.5937 -5.225079
147.3988 20.01103 -5.643413
92.34161 36.09817 -5.219862
228.8336 159.8619 -4.183451
95.32315 34.551 -5.256076
287.9024 56.0076 -5.980632
223.833 182.957 -4.360424
189.2582 200.5854 -3.947111
40.66531 183.5831 -5.616358
184.0106 76.43541 -3.818266
174.2892 86.59337 -3.650851
238.3344 98.4007 -4.693711
228.5837 238.1384 -5.349483
115.4131 147.0227 -3.130861
218.1425 238.1877 -5.141175
200.0395 159.2693 -3.173093
95.52632 226.1656 -5.177078
72.26653 251.1574 -5.691202
169.154 232.4067 -4.810595
47.17113 120.5598 -4.855138
53.59817 76.11998 -4.744834
162.6224 109.7651 -3.071789
91.80495 206.5314 -4.939177
186.0642 157.5792 -2
275.7731 157.7641 -5.619121
135.4546 262.6431 -5.762707
102.0245 41.03401 -4.953741
112.073 216.0032 -4.855046
209.3212 45.29128 -5.345112
95.85877 49.97295 -4.420079
251.9958 224.4818 -5.754653
24.14426 105.0457 -5.714745
128.9247 138.7879 -0.9383104
220.9475 70.47086 -4.561381
140.1443 157.6438 -1.385035
81.83579 210.4379 -5.106003
19.5471 130.4827 -5.885712
242.6772 52.34002 -5.236466
240.8625 54.01218 -5.20589
170.0433 151.992 -3
109.1551 209.8887 -4.77329
202.0749 196.0828 -4.033173
101.7884 39.10539 -5.048532
125.769 151.1847 -2.283147
174.968 234.7765 -4.81213
109.8401 162.1673 -3.803754
64.9329 158.6441 -5.043445
173.7303 36.89057 -5.32012
129.0809 38.7464 -4.757966
257.2903 40.28782 -5.472441
31.65774 67.71033 -5.689954
27.39059 52.75297 -5.769996
38.46393 177.1868 -5.597793
129.7011 197.3594 -4.316214
125.0303 231.3305 -5.08212
91.88338 252.0358 -5.591983
249.8316 152.9348 -4.731253
206.8972 33.6668 -5.660924
37.42166 55.21592 -5.397176
270.9066 147.864 -5.459067
51.15321 220.0515 -5.723751
133.309 164.9295 -3.156035
62.13933 75.54535 -4.448278
76.47108 81.51248 -3.88568
249.1825 79.03987 -5.021781
170.2844 150.28 -3
98.58354 163.6004 -4.230393
33.29249 215.1132 -5.97151
98.6855 192.1153 -4.562256
285.6356 64.89526 -5.972794
39.78658 154.1758 -5.467381
255.8628 247.4877 -5.911248
229.6024 89.91637 -4.582586
245.5772 250.0363 -5.719155
128.7477 49.52384 -4.065407
223.6625 133.7004 -4.183991
223.8322 23.95055 -5.844579
55.0471 223.6409 -5.696921
114.228 134.6115 -3.036358
112.5031 230.9725 -5.109958
265.634 22.69077 -5.795132
174.6466 230.6504 -4.673325
258.5625 53.68305 -5.349629
29.47903 198.1356 -5.895163
234.8722 127.7935 -4.407934
257.2927 210.8983 -5.651461
156.0661 222.0122 -4.63665
77.32932 183.1614 -4.984087
156.5648 244.9056 -5.164573
112.8814 251.5175 -5.492711
263.8768 219.0146 -5.958288
232.2989 172.9036 -4.278113
135.7197 154.2183 -1.050537
142.21 179.0224 -3.60573
141.4951 190.9083 -4.093367
282.5916 169.0225 -5.853727
81.53753 259.819 -5.776621
183.7453 216.9041 -4.343602
158.8645 39.92314 -5.079702
282.178 180.3707 -5.791922
167.1709 93.88554 -3.419145
258.6453 210.9053 -5.670278
270.7575 172.5546 -5.366928
129.3521 53.6435 -3.763088
81.88975 139.5607 -4.355671
86.17421 52.65945 -4.441767
180.3829 72.15739 -3.86578
231.8925 89.67437 -4.626293
113.918 179.6697 -4.121321
73.21656 101.4201 -4.11802
220.224 120.4684 -4.287117
221.67 193.5108 -4.542986
107.9018 106.2389 -2
192.9474 268.912 -5.971808
79.21012 38.02925 -5.23355
72.9305 65.40084 -4.099716
41.49111 98.01246 -4.988289
202.5024 98.12078 -4.071661
77.81705 79.9648 -3.812818
96.3548 259.9351 -5.697454
87.19355 82.67026 -3.278045
70.73355 164.3134 -4.969718
66.51444 242.3394 -5.669465
276.5379 199.1952 -5.881714
254.9845 147.5837 -4.869776
196.135 252.6844 -5.359316
132.6761 175.0312 -3.63652
127.6726 123.6478 -2
173.0573 44.0732 -5.123388
225.035 176.8241 -4.231273
277.4259 81.54119 -5.781919
202.9171 168.8735 -3.524422
87.00169 265.8753 -5.907556
285.7304 187.9875 -5.921088
201.9986 78.868 -4.147946
147.802 73.62335 -3
104.5393 267.901 -5.975618
265.7371 139.7153 -5.273418
221.571 245.8832 -5.238016
110.8023 233.4384 -5.164394
21.64112 176.0927 -5.834859
131.1323 236.4621 -5.168424
215.0344 126.8822 -4.141419
154.8945 161.4398 -2.375395
226.3071 209.4457 -4.968348
233.0586 224.3841 -5.315415
120.1647 54.80175 -3.797741
91.20432 142.3055 -4.128738
76.29817 168.0542 -4.862085
218.9886 118.8282 -4.275849
167.631 157.5079 -3
135.2708 191.0507 -4.141658
262.7552 211.7593 -5.74963
228.6447 117.5454 -4.438049
238.4225 194.3031 -4.944686
27.3755 57.26602 -5.804609
86.52146 223.2241 -5.21693
95.95916 60.47502 -3.92316
125.0146 38.38438 -4.839213
33.55946 73.43094 -5.567588
83.87631 243.6108 -5.496757
147.4457 18.07594 -5.722795
66.03017 23.88257 -5.716116
201.4301 246.7232 -5.15577
83.28651 37.51885 -5.228445
255.4064 142.9855 -4.889011
107.4271 263.8152 -5.820196
63.07767 221.4852 -5.540215
121.5491 70.20428 -2.554677
211.3297 107.9302 -4.186085
114.4484 237.1851 -5.229671
248.3512 257.9743 -5.798965
155.9908 212.5335 -4.367084
97.37933 260.6701 -5.706374
73.56278 157.8399 -4.832514
60.46881 36.94117 -5.330222
60.63078 111.4919 -4.491772
183.5332 121.0804 -3.39497
60.71557 216.2302 -5.523848
230.7088 120.9112 -4.428422
87.151 209.1407 -5.033859
160.0422 178.9557 -3.236053
224.8825 210.3505 -4.941417
90.45165 21.88278 -5.69603
68.63553 236.4889 -5.578539
263.705 100.4748 -5.254246
250.3034 201.6536 -5.309004
101.3446 72.29719 -3.131895
155.6125 198.3972 -3.969444
148.1009 196.0663 -4.100832
169.2511 219.7007 -4.368063
127.2402 199.6152 -4.383032
222.9785 21.20179 -5.901718
71.39871 67.06653 -4.127583
189.866 170.2339 -3.236855
196.2993 197.8456 -3.922495
189.8744 164.1662 -3.111129
45.12987 221.9717 -5.844505
138.4982 229.0125 -4.997367
193.4376 23.50831 -5.874766
69.50846 104.1215 -4.230678
138.6918 51.00281 -4.064081
172.2544 215.1951 -4.246886
122.5365 123.2723 -2
259.0348 19.08749 -5.879858
128.7273 108.9479 -3
139.2639 116.6325 -3
170.4935 184.4428 -3.36756
22.89879 97.86901 -5.836423
108.1939 252.7624 -5.535216
218.4724 217.0197 -4.860031
145.6271 118.3072 -2
231.0103 81.92056 -4.661252
90.08623 106.9878 -3.460026
86.29398 189.5926 -4.814676
262.2956 77.64012 -5.40026
134.9821 29.28261 -5.183988
144.7609 245.8203 -5.241362
186.2271 65.50112 -4.439446
32.44606 98.5607 -5.392666
55.61838 149.4905 -5.148547
178.9886 38.4009 -5.337023
72.69446 63.47222 -4.175353
113.758 59.0439 -3.667921
85.91196 248.3803 -5.539535
138.0078 219.2778 -4.770511
181.2599 109.187 -3.62017
190.0358 34.84894 -5.535067
115.5392 62.41611 -3.457847
90.97651 166.3531 -4.464249
247.0897 115.5307 -4.718541
84.5058 235.9362 -5.394546
262.828 69.85395 -5.479108
169.9702 64.39412 -3.848988
110.4008 165.795 -3.869467
75.61972 249.3742 -5.640043
174.9319 107.6632 -3.392519
256.1306 251.9943 -5.931098
196.8557 96.16427 -4
202.8101 150.408 -3.01837
161.2581 99.02651 -3.149973
281.0154 30.41621 -5.94318
252.3614 107.3327 -4.885763
167.1811 73.78671 -3.455381
229.1469 118.7853 -4.430898
38.963 142.401 -5.488312
146.4242 72.59306 -2.98142
235.6209 53.18406 -5.232039
186.8045 108.2638 -3.840469
33.17415 121.8281 -5.225817
171.9613 254.5268 -5.439373
264.1849 194.3963 -5.334451
132.4549 213.4512 -4.651869
41.19603 177.0105 -5.556485
218.6699 227.6333 -5.022793
155.1681 40.53862 -5.023577
86.75249 222.3846 -5.204363
248.9173 200.2822 -5.253391
159.5481 222.9185 -4.614557
265.5528 170.6638 -5.169312
262.539 246.5386 -6
57.00898 249.7621 -5.907605
101.7432 46.23574 -4.575596
45.89404 78.76117 -4.968718
174.4768 66.03541 -3.914549
153.2529 44.52631 -4.632317
80.06285 226.6332 -5.315144
126.2807 241.2754 -5.278965
154.8181 69.86024 -3.255986
63.97317 245.1659 -5.740717
167.2433 35.29458 -5.292217
234.5403 207.8542 -5.145174
131.0093 63.50319 -3.187231
166.3939 137.8548 -3
39.32306 118.6157 -4.955494
135.8952 199.8343 -4.321095
43.57297 222.614 -5.877266
223.6561 87.28412 -4.490622
52.38757 120.3646 -4.765497
232.8214 127.5371 -4.382236
103.3817 127.1235 -3.353959
31.85186 80.75101 -5.580077
205.3243 199.0422 -4.196455
71.82528 122.9157 -4.434399
267.5754 121.0536 -5.400934
54.497 103.7824 -4.547849
181.6675 261.6995 -5.705213
96.29236 49.69758 -4.426178
74.18041 177.8865 -5.00936
156.5325 38.45962 -5.093142
93.52922 212.7111 -5.024392
58.46742 192.5425 -5.381431
232.5352 117.153 -4.496841
55.76182 243.799 -5.876354
24.34697 79.97468 -5.931136
127.5264 222.8169 -4.887728
104.8096 130.2005 -3.400248
114.5077 111.3969 -2.035219
177.5469 89.89388 -3.742681
76.71162 175.9325 -4.928935
41.30625 225.0929 -5.941336
236.7251 175.1156 -4.384852
96.24812 177.3816 -4.435991
79.27153 134.1219 -4.361919
283.322 75.71801 -5.973394
34.79099 180.0391 -5.674064
183.1436 38.53337 -5.378368
192.4269 255.3858 -5.462056
166.5367 53.93039 -4.255869
241.5845 260.3665 -5.674914
165.0373 249.2245 -5.242735
287.6296 35.91524 -5.986685
145.2018 138.15 -3
228.281 182.2105 -4.437824
153.7045 120.6252 -3
31.90536 93.18817 -5.465778
130.2199 237.7344 -5.196608
215.612 111.9657 -4.244476
239.1949 89.88651 -4.759165
196.9242 129.7236 -3.654399
75.83826 85.20538 -3.913958
270.2205 107.0758 -5.515839
227.058 56.7171 -5.118829
55.17263 228.7575 -5.749096
80.8207 17.78004 -5.855495
73.26223 17.38415 -5.893153
137.8321 199.297 -4.302173
66.91033 96.93789 -4.202929
167.6767 54.2456 -4.270204
154.4328 105.4398 -3
13.76129 165.1619 -5.990313
124.1742 38.7449 -4.824041
226.4598 150.2841 -4.096191
174.1543 247.7644 -5.183362
97.52131 17.73924 -5.800654
104.8699 131.3747 -3.416012
261.0901 99.01772 -5.153433
57.57986 246.1085 -5.864404
144.1273 90.50682 -3
235.2741 105.7138 -4.611342
99.74747 82.83809 -2
132.595 10.18667 -5.942433
247.0222 208.9338 -5.447247
162.1943 16.67669 -5.881932
218.6289 65.70783 -4.73759
189.5896 203.8391 -4.037983
259.6564 227.7574 -5.92109
123.0454 119.6581 -2.595648
34.82271 195.4347 -5.795686
52.9848 193.4264 -5.483191
239.0755 182.4566 -4.608238
157.2821 110.039 -3
213.2245 150.549 -3.518553
104.1824 27.71198 -5.444767
60.0835 85.33831 -4.486474
148.7157 122.4079 -2.724266
66.10803 171.9278 -5.111021
200.4815 146.5174 -3.113328
168.0593 205.7348 -3.984699
142.0552 16.30318 -5.757951
50.18147 59.92967 -5.077393
52.78589 139.1647 -5.102848
226.1734 178.3528 -4.293178
270.8197 127.6537 -5.521118
210.6979 232.1767 -4.869557
162.1555 70.22327 -3.441056
108.2576 238.6919 -5.277348
220.027 39.35806 -5.539699
147.6062 55.3874 -3.839907
140.7169 139.9591 -3
32.79027 213.8733 -5.971591
166.5869 49.56822 -4.671472
154.8053 257.8014 -5.570977
248.9413 106.3871 -4.846349
47.70325 164.044 -5.358607
50.4038 116.4282 -4.737738
49.29376 139.1309 -5.223971
260.568 54.66106 -5.37015
103.4184 145.2873 -3.689968
111.508 68.61377 -3.184697
236.2429 197.766 -5.011805
176.2155 183.0605 -3.369647
242.1947 107.0344 -4.726438
142.0381 79.70896 -3
44.90066 195.9625 -5.641416
259.1161 151.8881 -4.97668
163.8203 234.2352 -4.948163
177.1897 207.384 -4.070842
87.48577 216.3761 -5.122287
278.3684 77.6516 -5.846932
53.04374 131.7261 -4.929807
216.8834 266.3545 -5.867519
201.4191 127.042 -3.874537
142.5608 15.11604 -5.809947
90.25413 17.67797 -5.826966
239.0567 259.8935 -5.624134
123.6754 28.6691 -5.281057
183.5547 182.21 -3.383691
256.2453 105.3857 -4.97549
100.4755 118.9231 -3.200686
258.6792 135.3641 -4.990684
273.6993 84.77397 -5.646072
179.5591 92.42653 -3.803102
193 147.9779 -3.082949
39.12937 28.66945 -5.865856
77.31605 160.8257 -4.764474
178.1983 53.62566 -4.769458
250.9582 169.3671 -4.747465
183.4516 58.77661 -4.710464
285.2734 179.6172 -5.921564
181.333 203.1937 -3.980993
249.0887 82.91005 -4.987138
86.38796 147.2697 -4.338435
149.2977 238.4355 -5.116028
264.7048 36.09846 -5.631297
177.5632 167.4817 -2.360897
211.0381 171.6835 -3.773676
222.0531 255.2768 -5.44396
258.8587 69.60347 -5.384919
113.0922 258.8316 -5.629604
130.6773 169.1991 -3.39939
247.7072 161.2124 -4.678909
179.858 227.687 -4.60017
129.1525 121.149 -3
62.23088 169.0207 -5.159549
114.7951 210.2906 -4.706742
20.96191 91.99752 -5.978036
198.3548 252.1406 -5.342936
78.46025 17.72028 -5.865276
201.5332 76.56541 -4.158987
278.3059 173.8229 -5.6592
106.7233 95.38232 -2
231.1936 249.6449 -5.437683
141.2571 235.0549 -5.111745
94.85419 73.12828 -3.204666
210.5125 148.9804 -3.423591
100.502 176.412 -4.316003
63.50725 38.99528 -5.256374
114.1838 255.8866 -5.545138
176.0234 111.1271 -3.38446
225.5243 104.4579 -4.446785
157.5312 159.9385 -3
174.0851 48.78992 -5.010058
235.9345 254.4283 -5.54557
214.0166 121.2931 -4.179555
47.58974 105.5711 -4.752115
177.2631 256.5291 -5.512356
241.9548 197.2561 -5.076904
259.2581 202.5484 -5.456176
240.3837 55.0091 -5.18658
132.9895 114.7283 -3
178.7221 90.35997 -3.77038
250.8382 64.47791 -5.180379
94.58551 222.4329 -5.138023
31.26574 114.5528 -5.302813
120.2885 67.54067 -3.104274
238.6565 267.9421 -5.846372
108.4362 33.15125 -5.219863
26.66364 124.404 -5.537404
252.6001 235.0102 -5.807178
131.3152 155.4568 -2.066779
211.92 237.1165 -4.980185
234.0182 157.0888 -4.316111
252.8003 52.14633 -5.277131
245.6533 124.9303 -4.655122
110.573 207.4292 -4.705719
86.76422 220.2986 -5.177944
261.3276 144.5944 -5.073334
264.1432 179.8732 -5.092916
219.9696 119.0712 -4.291941
119.8438 254.5436 -5.495996
245.6408 268.0098 -5.820031
270.1715 187.13 -5.360907
272.1737 190.5351 -5.515005
271.2236 53.09 -5.587472
241.945 153.2669 -4.519957
241.8904 39.5025 -5.497585
62.46827 227.415 -5.607914
117.331 255.9663 -5.529072
52.13268 195.8729 -5.514327
119.5656 14.99748 -5.802764
108.7673 100.4929 -2
249.2428 80.21407 -5.011739
127.0279 148.6531 -1.407687
253.8276 159.4038 -4.833838
285.6256 59.35889 -5.945377
264.3832 64.01632 -5.485764
274.0527 65.84287 -5.71436
277.104 154.3206 -5.68727
30.02531 103.7355 -5.457031
188.9023 68.13236 -4.403571
105.0821 201.5632 -4.663311
96.3789 140.4047 -3.91802
279.1585 81.65324 -5.828965
224.1508 227.963 -5.153649
69.2823 133.3645 -4.642423
115.2696 78.34947 -2.051709
68.97424 138.7564 -4.720595
160.6904 132.297 -3
222.1518 254.1748 -5.402568
124.1604 106.1324 -3
84.75875 206.503 -5.021025
174.6504 151.3178 -3
34.23688 177.9661 -5.66572
275.5688 177.6398 -5.541753
243.0393 263.2532 -5.712626
59.62427 180.7223 -5.282776
