27.22748 183.2838 -5.866761
119.2469 130.2114 -3.258246
247.0065 28.80524 -5.603067
43.10741 252.3555 -5.755684
274.3977 40.16186 -5.819523
103.4467 163.1099 -3.585047
41.81691 213.8564 -5.618712
149.9416 41.60625 -5.316763
164.8851 231.4805 -4
128.6485 127.5314 -3.273784
215.9718 126.6332 -4.526105
72.95106 280.3416 -5.987525
175.388 269.8447 -5.116006
253.9369 80.52381 -5.458156
120.4224 72.99836 -4.708646
204.7053 122.53 -4.358185
86.46929 273.6614 -5.795161
281.305 31.96439 -6
15.46592 89.77211 -5.850853
79.33003 149.3272 -4.229592
41.56342 39.4215 -5.760696
178.3973 95.06972 -4.393219
150.5029 249.1019 -4.533603
114.8589 164.1761 -3.319431
82.71022 108.901 -4.276524
141.199 142.9439 -0.7525305
83.63215 196.4795 -4.456722
19.93094 44.84628 -5.940475
255.9134 185.4464 -5.266659
185.5986 200.1382 -3.521597
167.7805 62.32059 -4.848633
231.6538 281.2232 -5.772394
218.9626 271.616 -5.31417
117.7045 222.4728 -4.353606
278.6758 194.0268 -5.903763
41.75422 48.48046 -5.540562
84.82638 87.46465 -4.874381
100.7718 128.4347 -3.596317
48.94322 258.1757 -5.70259
81.76237 167.7016 -4.225169
96.92611 179.3759 -4.015795
227.9066 75.92407 -4.953238
48.07772 257.5129 -5.698418
138.6592 183.0096 -3.078824
55.50647 102.6216 -4.90778
136.7261 97.80546 -4.064141
96.62921 285.2227 -5.955897
270.4982 142.7539 -5.767378
197.9899 247.5225 -4.421
259.4533 23.32517 -5.891437
188.9666 251.5211 -4.5336
91.67123 169.0297 -3.969133
76.61861 45.21786 -5.645653
53.12249 119.5514 -4.947052
156.0862 220.2673 -3.865065
162.6176 62.13534 -4.824303
274.7418 168.292 -5.83089
194.0685 78.70814 -4.731343
98.82136 145.0891 -3.650536
229.0703 40.02335 -5.227224
46.3257 124.5609 -5.11569
37.20022 138.4974 -5.328435
110.5601 133.8232 -3.359339
116.0175 144.7336 -3.164466
38.93815 96.51607 -5.291904
22.2307 120.6374 -5.659687
240.0962 268.933 -5.355316
127.0332 100.1509 -3.901664
94.79322 200.1301 -4.308883
122.5778 221.1098 -4.243288
84.13798 150.4307 -4.098345
90.88807 115.3123 -3.947005
216.6306 270.1525 -5.243044
242.8529 53.09443 -5.199644
47.254 271.3732 -5.954255
235.4719 65.05702 -5.020821
116.9082 120.7845 -3.469387
204.508 86.28119 -4.668131
80.73816 109.2874 -4.29745
110.5218 97.64657 -3.996927
280.3181 182.7644 -5.951598
207.0479 20.5803 -5.845155
77.08399 47.52045 -5.589244
222.6185 19.35185 -5.829185
21.63146 106.4684 -5.669484
146.034 92.58682 -4.229785
194.1699 196.9462 -3.6549
72.29038 176.4887 -4.591533
129.4517 205.1391 -3.768161
80.59743 127.9103 -4.146702
121.1585 167.1036 -3.207946
158.4491 78.11998 -4.552715
94.23546 251.7545 -5.267779
267.851 234.8509 -5.585581
44.23315 116.1901 -5.159437
106.2579 99.48853 -4.042263
142.5114 159.2582 0
275.8451 156.8523 -5.869726
27.7773 54.41269 -5.678469
212.5253 55.38104 -5
81.48306 120.4194 -4.106275
137.8087 197.0602 -3.40999
53.85774 61.05906 -5.243897
162.9231 218.1769 -3.777312
76.12773 112.3887 -4.281517
29.51512 31.65772 -5.940325
70.91473 97.33926 -4.811059
241.729 168.8198 -5.111399
113.0173 185.2649 -3.722755
36.12083 68.85964 -5.381517
275.7518 70.99929 -5.946478
243.7347 131.345 -4.95288
75.88035 42.04931 -5.722874
266.278 106.6351 -5.836248
85.78504 193.2068 -4.379109
245.8327 65.5784 -5.197209
116.4465 64.78443 -5.067269
64.7719 211.0558 -5.125977
274.3347 219.6476 -5.766797
227.099 205.825 -4.438548
172.6561 244.3858 -4.506966
168.778 108.1074 -4.159689
158.8508 81.67545 -4.499313
236.2333 115.324 -4.87954
220.9535 206.6103 -4.298292
189.4391 172.064 -3.544816
151.6613 261.7034 -5.113494
83.39658 111.2365 -4.196357
121.0091 243.0646 -4.716414
229.0282 95.99701 -4.818137
176.7616 120.7044 -4.080902
236.4163 27.90989 -5.543886
244.5196 183.8489 -5.025002
260.2275 179.2422 -5.42588
183.9962 265.5901 -4.937137
89.49117 242.9893 -5.141127
213.1406 191.9995 -4.248958
43.73462 54.84395 -5.387331
28.82186 66.22041 -5.56867
132.2779 130.5959 -3.254828
52.4205 217.861 -5.414431
172.0761 82.28298 -4.559559
171.6146 275.0125 -5.365738
256.8903 16.29242 -5.977793
124.0116 79.55257 -4.383853
170.5774 155.8099 -3.024128
231.4416 191.8083 -4.665644
105.1724 212.9377 -4.330437
252.3189 227.3944 -4.926637
78.76098 126.1321 -4.193815
185.856 282.4228 -5.733421
121.7568 47.90146 -5.437568
43.27725 116.9705 -5.181426
72.67916 106.4381 -4.513645
208.7563 172.2667 -4.188911
126.5903 260.3051 -4.994324
75.35346 262.8805 -5.653698
258.5331 228.1244 -5.118512
55.95322 143.9083 -4.876977
21.96802 93.26384 -5.692259
69.20183 153.1615 -4.519774
222.2114 83.52499 -4.811725
200.4448 128.3537 -4.274379
164.8723 125.8304 -3.773692
237.6642 199.2882 -4.728983
79.29026 75.91138 -5
182.4164 155.046 -3.471671
235.7697 86.17269 -4.952423
25.0334 69.49253 -5.66581
259.2413 201.8662 -5.178576
94.62757 185.6856 -4.13342
210.7354 122.1645 -4.455111
184.3919 139.4149 -3.882869
55.48001 45.13267 -5.632397
18.88098 100.7672 -5.74635
51.96531 189.0508 -5.301853
162.0046 121.7626 -3.861101
165.4656 291.0425 -5.989518
141.0514 192.0561 -3.228249
92.19748 63.55691 -5.201787
140.3783 218.4652 -3.891303
14.80145 65.25185 -5.922995
188.9843 72.75696 -4.797466
264.0965 143.3555 -5.540165
101.9958 68.07296 -5.095198
250.0967 44.51004 -5.369924
77.34566 254.3404 -5.486232
44.17704 271.5953 -5.974133
36.83197 129.8976 -5.333029
90.62381 69.92587 -5.044457
164.3576 248.4437 -4.63155
181.6165 107.0552 -4.263781
213.1619 272.3555 -5.365489
45.19678 231.1093 -5.574648
45.57018 216.8422 -5.548471
165.3126 114.2921 -4.067686
40.43099 174.0322 -5.501461
243.4252 105.9065 -5.043562
62.73131 190.7006 -5.009374
193.5685 267.3051 -5.003885
255.5498 243.7027 -5.120526
176.8331 215.9246 -3.649992
189.4519 277.714 -5.552835
42.64571 189.9466 -5.570831
128.0061 55.19117 -5.194041
205.7953 88.75458 -4.636559
205.7953 88.75458 -4.641093
241.8116 58.08603 -5.160175
139.1762 237.4157 -4.126968
24.41717 99.50284 -5.621124
122.2256 41.36817 -5.578581
228.258 115.8857 -4.75113
75.59357 134.206 -4.299858
244.4452 14.15015 -5.904606
79.08928 93.36004 -4.79447
229.5333 165.3067 -4.781544
73.93672 47.44077 -5.58977
192.7107 88.75058 -4.567367
59.59709 251.4094 -5.523338
19.16716 117.56 -5.72773
228.837 151.026 -4.623093
110.8078 133.6658 -3.355672
114.7318 153.8642 -3.191346
85.78085 43.03629 -5.70347
96.25166 142.9105 -3.722862
40.2692 67.43746 -5.279581
134.4495 69.11277 -4.638513
214.2747 62.58409 -5
172.5204 259.368 -4.875585
223.7393 167.6008 -4.633388
169.7384 193.4097 -3.109181
238.3933 36.70045 -5.330246
164.7183 115.7088 -4.048051
262.2795 255.1907 -5.480161
84.83718 252.0074 -5.396831
238.4178 146.6733 -4.906461
125.697 158.5053 -2.475324
206.6928 53.54254 -5
145.0064 55.8261 -5.004371
123.9833 48.91233 -5.395264
92.17334 189.496 -4.222881
172.4608 130.0178 -3.80903
144.2426 122.131 -3.570599
183.0275 147.9027 -3.647064
33.75344 112.1068 -5.395004
150.0752 98.33432 -4.181429
123.3141 270.3535 -5.29928
269.549 132.2713 -5.796995
119.4281 63.23726 -5.076314
122.221 255.2856 -4.941348
182.2942 153.9112 -3.490123
163.0296 32.77438 -5.506636
62.58429 137.272 -4.676491
77.10659 197.1597 -4.634257
224.5798 160.8314 -4.574532
52.79054 206.0209 -5.391519
165.2568 212.0181 -3.607969
54.57732 109.6205 -4.898232
202.5781 30.69395 -5.550073
66.51791 220.686 -5.139549
141.2201 261.7527 -5.036226
159.9999 266.9734 -5.306525
194.8344 227.8753 -4
120.8605 171.6231 -3.28319
246.5141 71.55447 -5.211036
53.54381 217.494 -5.391748
266.63 24.82953 -5.974422
210.2454 29.11541 -5.591412
259.5963 188.1304 -5.323213
98.84779 208.9869 -4.348148
257.9459 154.1901 -5.396832
274.5522 254.1515 -5.982348
69.4776 234.9148 -5.168936
79.08069 131.4717 -4.196803
67.38061 121.2351 -4.525067
242.6612 210.6642 -4.728802
266.0607 52.90475 -5.600595
139.5223 19.47073 -5.964807
101.1855 85.04258 -4.659138
43.07215 271.431 -5.976777
33.2495 118.4892 -5.409196
81.47011 40.40455 -5.766223
113.3388 176.5734 -3.557745
247.0075 136.5413 -5.067997
221.6815 236.2864 -4.347183
188.6447 24.30056 -5.755866
99.74429 53.22118 -5.441599
134.4714 46.92796 -5.338864
197.1865 214.7763 -3.997338
63.82318 123.6676 -4.631981
222.5828 121.7417 -4.644732
42.80131 205.2635 -5.587936
88.76057 68.33786 -5.082658
180.1248 124.4576 -4.064537
258.6284 235.8583 -5.188806
121.1915 245.3736 -4.746035
138.5316 243.1946 -4.239437
33.0449 183.2266 -5.751717
179.7336 30.30649 -5.579221
114.5558 185.1538 -3.681872
109.5719 208.9311 -4.195001
49.26304 244.2889 -5.584119
78.8109 179.4491 -4.421401
15.50451 74.67831 -5.8849
51.38664 89.82246 -5
137.1399 48.00457 -5.28417
166.7106 87.94234 -4.442895
272.4762 284.9157 -6
77.21738 142.7013 -4.273602
25.33277 121.4387 -5.58978
186.6988 139.8551 -3.972696
69.57688 144.0896 -4.489163
235.7674 196.3358 -4.716069
264.0753 43.77308 -5.605725
62.18095 115.7037 -4.676152
101.9684 183.6216 -3.972307
194.552 125.341 -4.188937
48.48309 213.7797 -5.486869
269.9712 76.40269 -5.836174
38.33998 190.083 -5.656105
112.3533 83.83902 -4.412166
24.78341 166.9954 -5.886738
51.47393 45.94485 -5.609604
275.0626 281.3677 -6
187.7271 74.07507 -4.770254
155.003 223.5534 -3.954607
190.1496 54.86909 -5
23.43637 60.80704 -5.726763
25.72752 181.1187 -5.893552
220.7375 215.7544 -4.288718
95.3337 243.9554 -5.085128
192.2615 196.0798 -3.602278
244.6652 200.0382 -4.873128
86.78164 99.21362 -4.495637
50.18061 213.7408 -5.45327
29.9266 92.01994 -5.510912
80.03803 174.3395 -4.337761
72.618 265.4838 -5.715668
230.0321 188.2001 -4.669492
214.5079 264.399 -4.945963
234.5317 245.9659 -4.645251
202.4165 192.0552 -3.921711
252.4175 264.7452 -5.411269
28.0192 205.2983 -5.880119
55.03444 92.35561 -5
227.0535 264.2257 -5.046254
85.16137 56.24728 -5.378328
247.5611 241.1551 -4.884902
114.0169 165.7501 -3.363856
25.82332 111.947 -5.574536
117.5961 147.5416 -3.110858
232.8822 32.57929 -5.424099
222.5812 116.5465 -4.65901
108.6922 58.97019 -5.266083
190.931 122.6176 -4.162488
169.0028 28.8076 -5.623306
220.1267 165.2185 -4.493417
179.0459 271.5054 -5.170005
248.5519 285.3873 -5.984597
177.2066 176.0223 -3.085139
56.59284 122.5437 -4.845816
52.97003 140.2603 -4.963388
70.70526 133.6732 -4.43461
214.8497 221.9187 -4.180512
36.33791 167.4516 -5.561556
207.2466 119.7036 -4.40639
193.0565 222.076 -4
44.03245 82.36842 -5.178655
160.9945 225.4641 -3.97351
87.26172 167.4999 -4.057099
236.1419 283.3959 -5.865968
168.688 39.05371 -5.32195
86.48309 199.8651 -4.449244
198.9585 65.20983 -4.96791
32.11142 65.69009 -5.481478
32.11142 65.69009 -5.487279
68.35375 31.41378 -5.97577
205.2855 246.18 -4.391709
239.3475 43.54248 -5.222672
271.0898 28.40592 -5.978819
203.7536 267.0721 -5.019767
127.0214 121.4632 -3.39405
154.5255 287.4248 -5.959743
148.7186 216.1128 -3.795616
66.35318 39.61276 -5.774882
104.1419 88.8809 -4.453822
105.9346 122.2111 -3.60051
227.3184 181.4362 -4.675162
49.44329 43.94352 -5.656725
72.31695 214.7512 -4.939292
162.1371 77.1634 -4.587098
216.7829 275.0788 -5.521284
74.97752 132.1724 -4.312466
146.1652 278.7044 -5.738089
163.7835 241.7067 -4.311373
264.7058 156.6521 -5.554006
204.2324 272.4839 -5.346999
91.00201 96.87967 -4.495321
24.70277 218.8365 -5.963498
78.6534 203.7985 -4.647979
159.9183 198.2608 -3.279989
86.27935 110.7913 -4.162235
97.73521 86.71424 -4.684904
176.5948 17.75032 -5.94852
218.1423 276.6405 -5.600136
128.3737 172.7406 -3.114563
97.19004 282.4415 -5.890769
212.0696 116.294 -4.492498
95.10646 165.4623 -3.826205
227.1379 139.4608 -4.46694
201.6631 193.3998 -3.88895
116.6253 127.1998 -3.352686
251.1709 143.4237 -5.194058
158.6435 33.48148 -5.485839
247.8165 69.51481 -5.230437
166.5598 120.2552 -4.012108
30.92785 64.88289 -5.51844
121.3491 208.2066 -4.001675
258.7964 133.7308 -5.412665
169.9445 159.5028 -3
252.4796 219.8442 -4.900432
85.11499 268.4592 -5.706325
81.40231 191.4869 -4.45273
107.4551 52.13463 -5.423112
146.5934 58.97523 -4.853147
90.80545 219.6373 -4.643453
260.5177 71.84082 -5.566943
38.29266 268.9237 -5.96131
234.0579 243.3222 -4.622685
260.0424 57.59307 -5.476622
147.5902 220.1204 -3.903855
89.96267 49.38734 -5.549202
170.5091 90.20659 -4.427566
138.1758 104.3328 -3.967908
81.91786 202.2449 -4.557529
38.26699 70.44117 -5.326488
59.44718 117.0935 -4.758038
226.4116 82.93591 -4.848432
166.1768 39.26286 -5.315798
107.8283 69.91146 -5.024419
186.5734 109.1034 -4.277389
180.216 282.0209 -5.661192
137.4277 69.99267 -4.554319
32.1916 97.16341 -5.446575
253.7922 210.5233 -4.970655
149.9185 281.6902 -5.820821
25.08479 160.0488 -5.818527
202.9412 62.1608 -5
127.0617 85.9295 -4.151731
104.8645 192.6945 -4.043014
89.85481 178.3242 -4.12503
12.62507 79.10521 -5.941306
238.2402 166.3589 -5.044143
121.6819 267.9259 -5.227494
178.2344 193.5566 -3.263034
198.3527 36.66852 -5.372067
21.31203 49.8583 -5.866831
73.03907 108.288 -4.453156
194.4174 241.6505 -4.257066
139.3373 159.3688 -0.2516239
266.2484 25.938 -5.948786
262.1339 239.0014 -5.369758
258.283 32.03605 -5.717974
72.23334 198.5226 -4.793981
39.79542 71.20256 -5.287297
116.123 145.1862 -3.158781
222.7731 226.9327 -4.334879
226.8727 254.2943 -4.7801
14.07307 93.25486 -5.875033
177.8103 289.0915 -5.960963
266.6554 280.9913 -6
153.1509 22.42019 -5.811171
63.61755 74.2601 -5
178.7815 245.3453 -4.433488
107.8914 164.7906 -3.500607
66.73105 124.2458 -4.546053
117.9431 69.37666 -4.896183
23.74912 115.8625 -5.623218
30.08031 147.0031 -5.58514
123.7554 92.18642 -4.026802
247.0801 33.08873 -5.527703
129.2438 259.4859 -4.913634
168.8876 271.5482 -5.309954
40.13849 91.59669 -5.275506
28.17058 76.85344 -5.58537
261.8412 195.0187 -5.305447
187.3136 66.19678 -4.891098
168.4938 26.01303 -5.705499
103 121.8232 -3.650061
143.5579 124.9908 -3.45453
97.03111 263.1429 -5.476635
234.9385 245.8807 -4.650307
161.7662 249.2235 -4.643771
237.761 250.6702 -4.800758
182.6274 155.9513 -3.46182
84.64281 283.8284 -5.99173
236.7417 207.8418 -4.627729
261.2713 32.04353 -5.763579
232.7944 172.5889 -4.877599
49.29505 208.4141 -5.463753
41.84105 87.91723 -5.234845
146.3149 157.8819 0
78.34001 264.1015 -5.660854
149.328 197.3655 -3.233677
248.3521 91.34556 -5.303285
30.75501 138.607 -5.508646
243.0601 126.9236 -4.956199
239.9145 138.448 -4.88596
236.5791 242.2406 -4.669005
273.4435 26.91103 -6
191.5391 53.81341 -5
204.765 219.8362 -4
107.7246 49.01887 -5.490109
200.362 251.9051 -4.554549
189.2158 282.1942 -5.755089
280.3892 35.66376 -5.991554
76.51135 65.20514 -5.154114
48.52175 185.8683 -5.372616
174.5916 187.3828 -3.107484
268.3757 98.54765 -5.942677
224.4948 81.72834 -4.84767
265.6736 128.1506 -5.686299
254.0312 267.7041 -5.54443
158.9915 69.46138 -4.690784
141.305 47.2646 -5.260546
171.1644 255.3793 -4.799482
191.2417 249.3834 -4.470934
84.022 234.1649 -5.02273
167.4581 231.232 -4
256.9819 109.7678 -5.493056
217.5538 127.0142 -4.550221
206.4274 226.0553 -4.022649
49.8193 161.834 -5.129356
82.11914 133.5258 -4.116878
232.1956 81.51423 -4.908395
235.1514 200.7109 -4.661161
130.8694 241.1325 -4.413337
264.3776 163.7889 -5.585942
164.3649 147.4575 -2.19516
191.8557 16.71857 -5.978866
281.402 38.48473 -5.956682
50.47032 196.0626 -5.404621
20.88853 42.85244 -5.934646
43.88575 271.2607 -5.969467
272.5471 176.2679 -5.733933
90.96599 250.54 -5.284581
117.0634 213.0069 -4.171948
144.8846 271.3769 -5.441201
242.2736 69.22449 -5.120129
59.20113 109.6285 -4.761078
273.416 168.0948 -5.80162
132.1845 76.78689 -4.363387
188.6156 147.4715 -3.895928
194.1277 265.7375 -4.956186
72.42295 119.0719 -4.37426
139.0686 21.49097 -5.922899
176.2505 202.4378 -3.369748
275.6156 182.1135 -5.745156
140.7754 161.5733 -0.3073057
15.07922 88.11239 -5.863647
124.6098 279.5768 -5.692908
127.5481 226.2673 -4.263942
158.4606 108.078 -4.085514
26.88337 48.74486 -5.746182
271.9685 64.22199 -5.805897
129.3552 96.07801 -4.020923
60.83255 253.0496 -5.5472
73.20623 153.5629 -4.40931
159.0293 208.1788 -3.540879
171.1612 232.1712 -4
256.7457 127.0655 -5.380945
120.6495 177.1266 -3.382985
35.43028 216.3536 -5.748221
157.1855 20.20426 -5.876345
178.7036 103.7089 -4.278991
232.3945 135.7759 -4.611084
232.3945 135.7759 -4.611412
72.27429 60.44809 -5.269161
150.84 146.1742 -0.1849549
166.8915 65.82974 -4.789148
241.9949 225.8103 -4.713523
143.6816 163.3649 -0.1101255
240.6734 30.92208 -5.468331
199.9039 155.0251 -4
159.7114 66.75246 -4.73688
188.5797 275.4966 -5.443281
213.8 232.978 -4.176306
167.9233 278.3962 -5.555173
194.8106 283.3176 -5.859823
260.7958 30.61337 -5.78184
192.4035 246.7402 -4.397638
51.92472 263.0373 -5.776805
103.5752 249.1138 -5.088
87.13776 180.3962 -4.197572
84.87988 99.90181 -4.506506
25.66733 167.1269 -5.862691
192.7299 247.2257 -4.409733
224.1895 193.6428 -4.491502
159.4346 170.8544 -0.2291713
138.0585 125.1925 -3.469502
257.8153 159.123 -5.420952
52.10611 157.6103 -5.027968
86.88017 142.9732 -4.005498
199.2363 88.07037 -4.612396
154.9483 135.4242 -3.118602
179.6948 90.26188 -4.475137
130.1731 226.8519 -4.231342
221.7571 194.4948 -4.430842
176.2145 62.50684 -4.890195
262.0742 154.5128 -5.48638
165.7527 147.6154 -2.539371
211.5305 122.5255 -4.466766
81.55466 190.0044 -4.43462
264.9786 170.3357 -5.621856
269.6759 206.6711 -5.517077
46.88775 203.8806 -5.505355
70.10359 255.3025 -5.541107
163.7501 227.5247 -4
94.00726 46.29897 -5.625258
115.138 262.7287 -5.219274
79.7177 277.9494 -5.908757
166.3415 233.1537 -4
206.3556 194.923 -4.041436
237.2589 217.3862 -4.604796
161.8493 55.17529 -4.928936
51.30195 265.8578 -5.831932
119.6329 247.2295 -4.811939
253.9234 96.64092 -5.465626
42.33393 261.8536 -5.83632
74.36998 104.8446 -4.532947
165.5997 258.0474 -4.952818
262.8151 283.4303 -6
173.08 180.8948 -2.998154
133.4085 29.24277 -5.783629
237.8642 54.87714 -5.105946
81.45667 50.11286 -5.527487
55.20996 137.9716 -4.895638
101.7777 155.3362 -3.586026
215.9804 101.3391 -4.595878
149.639 272.8608 -5.535422
55.08136 84.01172 -5
276.6945 41.4745 -5.833205
241.9226 277.9925 -5.658062
243.7391 255.8804 -4.998207
169.2601 104.6834 -4.200253
250.0555 240.2637 -4.931427
246.9155 126.3803 -5.041706
95.97543 144.4716 -3.734973
183.3886 244.6711 -4.36542
32.9732 132.8679 -5.421717
245.7106 45.21714 -5.290163
181.2985 100.502 -4.332458
166.7988 177.436 -0.9664727
173.1918 234.1725 -4.047237
112.7356 273.781 -5.483663
156.6909 141.0726 -2.734231
271.194 246.7577 -5.799502
205.2046 55.70022 -5
177.6035 151.1743 -3.345929
233.5196 108.5602 -4.854995
23.45937 139.9495 -5.728334
263.1659 106.7063 -5.727211
142.7661 115.7939 -3.763331
180.0883 74.24984 -4.727247
199.6311 128.524 -4.260968
246.1729 11.49402 -5.973662
266.9771 227.4382 -5.483814
253.5585 92.0228 -5.480775
167.3341 250.5371 -4.741662
29.76732 136.8093 -5.524946
187.7353 100.0514 -4.383814
224.0712 100.3577 -4.727281
232.7104 233.2658 -4.556478
266.6087 250.8824 -5.633984
259.2247 181.9576 -5.376206
176.7289 284.7552 -5.75269
39.90592 68.0146 -5.284463
90.22023 93.21914 -4.616153
261.3321 230.6769 -5.263363
127.9464 251.4762 -4.707651
41.12239 172.727 -5.470565
132.5335 220.5028 -4.062201
260.6782 109.1523 -5.625686
112.9794 85.00028 -4.356957
124.681 119.6586 -3.402191
148.9165 149.8208 0
87.32384 135.4166 -3.97432
165.5829 283.0004 -5.747314
113.2491 56.24932 -5.300844
182.2596 70.4459 -4.798097
113.4857 242.8196 -4.832819
35.70802 245.623 -5.847519
156.3871 283.8175 -5.838073
153.5682 238.1482 -4.04962
152.9935 33.95205 -5.480881
220.8433 152.1191 -4.364874
138.6933 69.01567 -4.573455
214.1631 251.6272 -4.577699
276.7655 220.0091 -5.880821
67.93637 128.5033 -4.512728
246.0377 236.7531 -4.83721
266.6394 152.1331 -5.576427
26.44424 142.384 -5.658717
184.1948 71.12213 -4.797741
129.5112 28.08051 -5.830586
17.41295 75.54477 -5.838717
179.0119 66.27295 -4.846135
17.75263 104.7748 -5.763192
75.5748 198.8254 -4.695734
228.3718 123.0883 -4.73311
162.3046 64.75911 -4.781681
102.2014 136.7069 -3.528236
108.6613 189.7635 -3.914036
247.4642 202.5908 -4.90934
158.7748 206.7815 -3.506385
93.25832 159.3612 -3.852977
118.5049 199.9668 -3.863206
189.8408 182.0282 -3.512131
125.7603 214.9316 -4.063689
185.5829 20.0096 -5.882071
250.259 74.19916 -5.323242
116.4715 78.62535 -4.544148
131.5011 136.1123 -3.054486
253.0337 228.326 -4.944597
216.7374 39.88838 -5.258184
211.5304 154.5695 -4.098188
207.8068 232.2808 -4.053457
181.4812 57.94948 -4.98913
149.4661 52.99369 -5.031119
100.8399 213.2644 -4.390539
214.3516 77.2581 -4.860935
46.284 97.22021 -5.120231
276.6198 223.0462 -5.881751
186.1415 120.9828 -4.145612
150.3272 241.9387 -4.196456
84.41986 36.27942 -5.869003
149.0418 186.9814 -2.656596
200.7322 208.021 -3.959543
246.781 229.8722 -4.825291
38.73462 268.9894 -5.95058
213.9489 253.149 -4.614784
269.5635 249.5254 -5.748341
128.2736 117.3769 -3.509978
130.2732 282.2155 -5.815499
136.553 229.2087 -4.11883
71.02273 242.7672 -5.305588
118.1893 51.20645 -5.384532
132.639 227.3643 -4.199969
68.56068 150.1045 -4.530803
246.3238 266.3635 -5.354095
86.4018 67.06456 -5.112894
58.99352 112.7049 -4.768991
69.32586 127.4477 -4.470909
225.3784 145.9478 -4.463721
247.4049 34.78779 -5.502333
153.6266 285.3976 -5.905377
131.4726 150.3337 -0.8809823
74.06192 110.2365 -4.37889
205.3426 217.7373 -4
259.4901 28.67131 -5.796534
44.05852 210.3542 -5.569798
30.34539 44.98723 -5.696567
100.387 74.29104 -5
152.2677 200.5216 -3.339223
165.4585 72.80223 -4.672713
263.8838 169.2989 -5.605483
60.75001 44.55703 -5.650399
274.9048 69.80517 -5.917146
92.11895 37.27884 -5.833877
148.7535 254.7165 -4.781412
171.9167 146.2988 -3.203642
51.45448 232.3313 -5.459775
56.91878 212.7524 -5.318802
162.7137 241.6932 -4.300747
165.6306 127.2541 -3.736471
109.7969 91.17851 -4.230902
266.2537 264.6182 -5.732542
255.0045 158.6564 -5.358636
129.5183 252.7296 -4.710587
131.9545 178.9537 -3.130277
90.98276 244.8134 -5.160852
38.77199 171.7948 -5.529509
84.28032 143.4119 -4.078772
214.3313 111.047 -4.54292
181.2333 70.92444 -4.785213
157.3504 162.8247 -0.1861487
158.3953 116.9532 -3.958526
161.7201 97.34738 -4.269717
21.42851 176.4009 -5.972297
250.2348 193.7295 -5.055919
224.5066 79.64237 -4.877248
176.4658 34.28721 -5.462141
157.5819 78.67073 -4.539542
98.73556 219.7972 -4.548787
119.0941 215.0083 -4.178235
235.1396 215.6145 -4.563223
266.5542 117.8916 -5.77849
152.9782 70.50909 -4.626301
189.1385 50.83458 -5
182.1568 189.3333 -3.299403
226.0861 222.2304 -4.394955
270.8397 145.1352 -5.765048
68.12881 142.7576 -4.526468
144.2924 194.6744 -3.224542
84.81866 271.7652 -5.768717
246.3644 192.377 -4.982682
192.4556 209.1205 -3.809595
14.67395 112.6192 -5.82734
131.2163 169.3763 -2.903277
279.292 157.6077 -5.985604
268.3375 36.73586 -5.787945
253.5441 268.3599 -5.554077
71.52827 247.9889 -5.399137
82.3095 219.4904 -4.763668
276.7656 207.1915 -5.848292
92.45794 188.276 -4.2029
102.2195 187.4459 -4.023934
56.846 54.65773 -5.401823
99.43666 281.7075 -5.845394
191.3219 274.4479 -5.421609
45.41289 202.7388 -5.532998
251.812 159.2983 -5.294248
238.4033 35.82802 -5.345979
181.4991 147.1413 -3.597358
260.1572 172.5317 -5.491033
37.39201 268.11 -5.972528
240.7928 238.352 -4.73831
78.26759 41.91885 -5.727527
245.5757 232.0234 -4.809515
36.67554 261.9831 -5.943297
274.5187 252.7871 -5.972888
26.60624 210.5259 -5.914931
148.8853 44.70209 -5.248567
80.81726 33.02472 -5.946069
200.9934 204.5641 -3.907624
227.6716 188.1403 -4.619056
123.6106 247.8211 -4.699733
139.5754 102.4047 -4.021838
56.41496 199.9084 -5.268316
244.3121 167.6989 -5.177571
244.3121 167.6989 -5.18342
167.4749 231.9142 -4
102.738 279.0913 -5.7445
139.808 119.578 -3.629215
200.7575 177.0003 -3.925745
245.1775 181.1793 -5.066425
157.8237 255.1916 -4.886182
237.4348 198.9143 -4.727583
196.0982 240.9294 -4.233614
61.98272 239.6748 -5.313539
180.6036 117.0519 -4.148201
186.2533 174.2605 -3.416037
129.6543 186.4769 -3.339172
62.42808 230.9047 -5.244123
50.20786 130.2362 -5.030238
241.9133 131.4625 -4.892915
148.0017 274.0738 -5.570543
175.0384 215.8519 -3.657119
18.53966 66.3419 -5.832316
261.5887 141.1375 -5.465849
62.87329 247.7697 -5.439513
49.0191 158.7048 -5.125288
145.5961 268.3268 -5.327065
173.7821 50.54126 -5
84.2104 72.61337 -5
272.8669 155.9724 -5.770966
209.8604 19.83336 -5.857029
131.2535 104.2257 -3.867446
69.86116 200.5488 -4.884145
81.95388 48.5846 -5.565294
22.40458 161.0582 -5.903529
221.0068 244.6826 -4.470059
204.468 51.31813 -5
229.8554 60.48321 -5
157.3997 31.50008 -5.544115
120.8994 98.85017 -3.841356
82.80174 208.7852 -4.622996
103.5705 182.2576 -3.907201
113.3166 250.0286 -4.980867
256.476 168.6341 -5.444331
93.90895 264.0866 -5.538046
121.7971 25.18533 -5.936602
141.7113 143.3114 -0.6316216
191.227 170.582 -3.619603
219.4616 243.239 -4.416519
166.9081 92.14715 -4.378276
83.94107 37.27634 -5.844271
209.411 146.389 -4.018463
88.46417 84.46144 -4.903365
86.05093 243.7886 -5.203607
89.30739 177.8058 -4.128092
193.3957 34.62038 -5.438654
153.2133 251.8841 -4.688918
173.6327 120.0934 -4.064929
230.7419 179.9548 -4.763221
277.528 71.60332 -6
265.2203 53.26527 -5.584552
32.42263 96.32385 -5.443171
106.7503 50.33051 -5.466635
51.26111 84.70588 -5
81.91186 78.92307 -5
178.252 40.42761 -5.275223
179.6636 265.9167 -4.94056
51.52389 92.85307 -5
180.6636 163.0876 -3.314462
93.20653 139.3017 -3.806087
239.3279 255.5642 -4.943712
64.16121 147.7023 -4.647802
225.3321 38.9333 -5.269987
64.9083 67.89762 -5.082622
172.4367 249.5481 -4.636711
252.2776 123.148 -5.248332
29.61025 84.25319 -5.536214
204.4857 172.554 -4.063612
238.3016 262.4515 -5.132596
30.87782 30.79226 -5.962405
63.84314 147.5579 -4.656326
267.3673 213.8532 -5.427884
166.5417 50.28977 -5
150.8828 274.8422 -5.608353
181.9985 54.67637 -5
60.45254 252.9446 -5.547216
249.955 236.1705 -4.91346
262.4506 189.089 -5.378198
217.4076 239.0008 -4.2854
140.8035 224.2575 -4
97.88277 44.01083 -5.654252
56.48723 147.7262 -4.863314
144.2546 75.18346 -4.474306
127.1051 118.4655 -3.466671
77.1308 58.40296 -5.321663
44.40216 128.2075 -5.160843
257.6325 208.0843 -5.080367
57.60364 184.2574 -5.100116
252.52 184.3105 -5.201252
35.45396 173.7289 -5.640615
104.9039 30.19831 -5.919246
79.86347 255.6859 -5.498087
148.6105 89.91126 -4.294113
262.0355 188.833 -5.371359
185.1798 247.1709 -4.427413
264.3532 34.58962 -5.765286
264.7801 32.75961 -5.804499
202.937 218.399 -4
164.6702 29.13426 -5.613698
146.5689 242.5935 -4.192141
39.31577 226.0107 -5.684156
241.5913 249.1036 -4.800486
120.0542 57.98972 -5.203791
106.0413 211.1734 -4.283989
217.5849 264.1769 -4.943826
133.1716 181.1253 -3.149821
228.7009 242.9139 -4.513713
235.7059 132.2872 -4.746324
273.9214 186.1341 -5.666873
244.3997 66.14209 -5.170072
25.45801 177.8256 -5.89454
242.9213 112.2889 -4.994281
216.4723 148.3131 -4.18588
276.2935 196.9255 -5.800272
195.8024 148.1034 -4
50.65475 145.8877 -5.026934
134.787 189.2795 -3.295576
237.5038 129.9328 -4.831335
84.3659 107.1566 -4.300855
136.7641 185.2525 -3.166797
134.1051 285.8442 -5.976625
191.9857 120.7353 -4.190489
99.21418 250.8442 -5.182672
191.0041 216.6243 -3.904323
123.5107 147.5959 -2.908153
104.3258 128.4292 -3.525843
129.4894 37.44771 -5.624834
186.4061 102.2812 -4.350066
222.655 88.78598 -4.75795
159.6823 183.5146 -0.871825
163.2689 51.50231 -4.993777
60.56308 243.3478 -5.36995
171.3425 139.5618 -3.408661
134.5438 281.9282 -5.811364
40.5538 66.21745 -5.283038
64.2082 126.5409 -4.622199
88.92952 93.17282 -4.638679
179.5945 54.12462 -5
235.3988 258.2327 -4.971432
46.01142 45.08386 -5.626389
66.8912 225.6452 -5.138705
33.10513 190.8096 -5.760517
84.04203 245.2376 -5.261279
8.692557 97.01847 -5.99087
128.6533 175.1612 -3.145245
117.6504 25.39397 -5.954801
252.7797 150.0232 -5.264253
126.3408 274.4936 -5.480578
254.9682 69.99586 -5.414418
61.80852 256.9333 -5.613699
116.1208 236.1229 -4.65808
89.67238 169.6063 -4.020556
164.3076 207.9442 -3.508439
200.063 135.8709 -4.153455
48.20425 83.1831 -5.071686
268.5603 22.73759 -6
185.5291 52.43404 -5
192.1307 233.0566 -4.034128
100.065 172.7057 -3.823369
52.17757 252.8305 -5.588957
39.91583 92.77736 -5.277927
248.0905 171.708 -5.226468
252.4854 94.43643 -5.42878
237.5102 182.7578 -4.882817
179.8581 221.2782 -3.771884
205.1049 210.6134 -4
79.37245 48.49198 -5.566396
121.1932 244.1601 -4.733233
108.2977 248.0198 -5.002298
238.6986 218.3772 -4.632898
180.4462 122.1749 -4.09158
119.4315 41.58379 -5.589194
45.0264 162.6263 -5.272669
102.8795 113.066 -3.81666
159.6854 219.5403 -3.828428
247.0863 124.3666 -5.059818
69.02112 136.8213 -4.488448
134.3789 120.0814 -3.536439
235.0638 283.0413 -5.852845
275.1746 21.82782 -6
108.1129 68.69144 -5.052637
116.3321 166.5315 -3.318457
92.8194 214.5476 -4.520993
53.83685 203.7975 -5.367911
206.6805 170.9869 -4.132866
193.0005 51.84596 -5
278.4164 170.6349 -5.921805
34.43958 152.8951 -5.499333
201.4504 206.5256 -3.949379
24.28964 153.279 -5.794893
175.7165 211.4375 -3.540721
48.58899 137.3267 -5.069991
165.2358 80.39171 -4.553026
23.3357 101.5754 -5.64136
119.5236 38.92715 -5.647076
267.2217 204.0727 -5.396286
204.0492 91.94205 -4.589431
238.4016 49.85915 -5.136841
219.2279 131.1473 -4.543138
241.5622 53.04812 -5.17759
246.6483 12.92417 -5.931921
179.1173 66.7256 -4.839623
201.5876 235.1914 -4.066976
226.0608 259.6599 -4.910264
196.4907 104.3638 -4.400326
231.8982 277.0842 -5.539499
114.4083 215.0396 -4.258292
81.58441 257.8839 -5.529727
157.4339 204.6885 -3.459525
131.461 126.7845 -3.33342
270.1414 183.3385 -5.609232
220.1937 161.5385 -4.449525
238.0228 138.2637 -4.821051
254.71 135.1136 -5.261645
271.1366 32.87963 -5.899649
101.4897 165.3921 -3.667624
270.737 244.7962 -5.768966
108.5866 90.56153 -4.282829
130.8488 32.60053 -5.723896
190.8213 271.9944 -5.27814
214.6385 259.4662 -4.799703
112.9532 269.8321 -5.398894
103.4252 121.2067 -3.655546
218.4298 56.30776 -5
210.2825 276.7824 -5.623557
198.2605 52.14275 -5
191.7961 200.186 -3.648296
206.4071 259.8441 -4.799003
184.7686 135.5383 -3.979989
262.8497 73.30434 -5.635599
271.0237 171.8659 -5.74328
243.5885 236.9229 -4.788779
137.6632 174.4621 -2.436459
239.3172 71.79497 -5.058077
154.3726 97.85678 -4.223021
200.0031 77.01756 -4.789034
251.864 140.905 -5.195063
39.2912 128.8554 -5.276879
262.2442 287.0838 -6
43.79652 61.21341 -5.248842
102.5479 129.0387 -3.556281
27.60324 46.03593 -5.751808
151.8524 232.3096 -4
53.46839 233.6504 -5.431206
55.86972 108.4533 -4.859229
243.639 187.6991 -4.968267
207.151 144.0137 -4.046851
48.05587 273.2889 -5.985413
141.761 235.0812 -4.025483
165.1608 26.05137 -5.704372
46.24209 108.3323 -5.110516
60.32465 70.80871 -5.00895
196.223 80.63078 -4.712681
151.7055 146.837 -0.1240715
192.6253 92.96186 -4.501155
185.098 210.5023 -3.682992
185.1012 240.1192 -4.239925
44.87105 102.4478 -5.140837
70.47066 175.3927 -4.636555
39.90524 189.7818 -5.624774
266.1593 90.25555 -5.831663
158.6355 269.0524 -5.378747
34.46315 129.4967 -5.386504
226.8484 118.6862 -4.720997
97.74418 278.1058 -5.789969
234.3072 273.9953 -5.439038
148.7604 224.2271 -4
54.79097 223.4571 -5.374957
42.63566 190.819 -5.572179
85.36193 115.7042 -4.032303
189.0145 57.32206 -5
243.9339 140.7451 -5.025558
186.6214 221.3131 -3.892901
256.5262 164.2719 -5.421615
205.7011 182.3479 -4.065449
131.0999 30.0161 -5.779317
254.0012 251.095 -5.113038
258.9165 219.3936 -5.060743
142.3873 191.3809 -3.186098
263.6756 268.5073 -5.797062
217.3729 161.9444 -4.368519
110.9752 146.8967 -3.28794
22.68439 118.6172 -5.648532
84.97322 172.9372 -4.175807
261.6148 269.1233 -5.768424
232.2241 67.29287 -5
245.2227 193.2753 -4.949471
270.0945 191.6824 -5.525186
170.5526 84.28978 -4.52019
248.2847 171.9311 -5.228639
260.3485 98.27625 -5.679836
31.20319 223.5417 -5.84123
179.4179 194.3638 -3.300442
258.0529 172.6557 -5.442234
267.7556 220.7082 -5.463353
54.94732 104.1892 -4.884158
261.6887 234.954 -5.315592
22.00314 99.82352 -5.676262
254.5277 107.1694 -5.423149
255.2318 224.3319 -4.973089
183.4196 88.24264 -4.526308
156.7707 255.8603 -4.908021
79.75057 88.26338 -4.934022
66.66171 250.9064 -5.477828
86.24749 121.0309 -3.972071
224.0842 173.9637 -4.629287
217.3983 98.87971 -4.625205
189.134 245.5256 -4.3736
201.1372 241.1934 -4.237655
156.6023 134.8934 -3.183575
32.71657 222.4074 -5.809827
60.10374 57.95825 -5.324042
237.8139 59.2393 -5.086278
168.2359 52.67801 -5
271.306 280.809 -6
112.3891 268.6315 -5.382659
153.2062 20.82621 -5.858053
163.91 73.78571 -4.649191
108.5933 92.11618 -4.230322
233.9607 262.4371 -5.077679
221.2281 193.4451 -4.429391
157.4419 262.7088 -5.194057
157.4419 262.7088 -5.200024
120.7668 156.2669 -3.054829
226.9943 64.37877 -5
159.7755 282.1852 -5.764678
95.40651 95.64124 -4.451117
31.49101 245.5298 -5.925925
44.89895 203.5848 -5.54427
213.3975 57.59847 -5
210.3288 77.38806 -4.837694
156.7095 108.4973 -4.069186
190.1275 115.5067 -4.2337
184.8097 271.8286 -5.239826
232.2381 267.8614 -5.223609
166.6861 284.3782 -5.777767
95.05296 153.0251 -3.783486
65.3696 200.8033 -5.020948
83.35117 150.4108 -4.120181
261.3718 23.3192 -5.920909
59.23596 167.4586 -4.903877
120.4053 136.4041 -3.143513
199.4245 258.5628 -4.750851
222.9934 42.32394 -5.178687
253.1129 145.6545 -5.247517
45.8218 124.5345 -5.127091
266.8937 185.5744 -5.513584
48.50809 234.0294 -5.526834
260.748 211.9948 -5.115163
25.29218 195.4252 -5.921005
251.3165 166.0218 -5.320371
231.0184 139.9409 -4.600966
181.8538 184.6759 -3.240264
256.7577 80.11798 -5.526775
247.47 64.36536 -5.230666
146.2691 267.553 -5.301843
229.7572 246.2268 -4.60186
243.8212 241.2786 -4.810419
184.435 229.6301 -3.98616
226.3018 270.7655 -5.238821
248.9294 134.1082 -5.095599
31.48311 161.8744 -5.651958
59.40301 231.9599 -5.30818
262.7114 249.7201 -5.465682
38.77349 202.6253 -5.664062
183.0533 33.56767 -5.479651
102.6116 114.9682 -3.784705
75.68287 31.4357 -5.980806
256.737 184.4036 -5.295647
146.9422 253.9616 -4.729487
155.2483 65.60315 -4.721231
48.14338 190.9585 -5.427085
102.4941 187.0983 -4.014897
243.9605 172.5989 -5.124254
109.8533 190.9118 -3.904642
267.3469 260.4597 -5.721231
270.1167 105.4096 -5.977672
110.3404 203.0735 -4.076506
39.99243 165.1306 -5.437544
38.28186 104.3809 -5.289078
155.6748 134.2699 -3.182972
157.3042 42.99259 -5.204968
157.3042 42.99259 -5.208003
127.8037 28.99178 -5.819941
214.8134 120.4406 -4.524727
120.533 50.58399 -5.385335
225.696 235.8154 -4.425814
270.7563 90.45374 -5.949189
246.9681 11.85504 -5.960935
70.1543 167.6259 -4.575365
164.3529 187.9963 -2.49814
131.8429 87.22322 -4.177165
166.5717 73.30767 -4.67069
275.0054 35.44564 -5.913043
163.7746 31.08877 -5.556213
28.49316 169.4892 -5.802482
153.1234 163.604 0
45.81451 231.9295 -5.56352
72.58971 234.8436 -5.151655
151.6281 221.8862 -3.928833
155.5271 202.6085 -3.411223
273.6019 155.1592 -5.801507
133.1251 112.5636 -3.696775
190.4895 39.2375 -5.30078
151.6666 219.61 -3.870373
56.33764 255.7312 -5.619638
135.0713 245.7387 -4.387735
243.1918 236.1356 -4.777758
220.9576 56.78083 -5
38.02165 234.8002 -5.728787
125.5009 191.5397 -3.53521
235.2506 109.8857 -4.878881
74.92695 194.2137 -4.673306
149.3722 76.09026 -4.508704
225.6054 269.3025 -5.184893
217.7339 265.1216 -4.972087
240.4759 20.30847 -5.74438
190.3629 232.7937 -4.031612
258.043 147.8929 -5.364562
31.05267 198.1754 -5.810785
109.1904 177.9956 -3.688249
88.30985 138.4278 -3.951823
223.4386 59.18899 -5
185.4157 287.5523 -5.963365
94.94242 162.6219 -3.810004
196.2839 266.4466 -4.980361
198.7624 104.6531 -4.413594
172.2793 267.4888 -5.104706
33.55088 111.5426 -5.399345
155.2834 72.16283 -4.623104
233.4692 144.9663 -4.726148
93.55411 252.1872 -5.286072
121.3867 59.74156 -5.145504
163.067 229.1709 -4
8.868223 116.9993 -5.993612
180.4502 17.20705 -5.964499
75.18319 175.1711 -4.492087
44.94483 81.09612 -5.155261
160.4169 240.3806 -4.217943
265.5249 63.11799 -5.635686
195.5647 153.7971 -4
250.6294 285.4535 -6
101.0109 179.2066 -3.916812
267.1597 216.9297 -5.426032
82.9822 269.9869 -5.745399
259.7357 119.4507 -5.530982
209.6721 162.1585 -4.136217
141.4974 74.33642 -4.461155
119.5022 284.2064 -5.879633
84.35921 105.602 -4.346839
33.65219 255.4159 -5.954248
228.6318 24.71294 -5.658992
195.5332 87.1312 -4.607536
156.4108 247.6016 -4.517932
183.1906 30.18948 -5.582257
84.14513 68.67099 -5.072364
182.165 221.7184 -3.809074
33.30318 98.88239 -5.416865
172.9321 274.8686 -5.333038
245.8963 83.55192 -5.26468
174.6193 20.56382 -5.86577
31.54019 133.4316 -5.454417
79.54561 217.0887 -4.781788
83.05441 230.6224 -4.961559
18.49921 114.6932 -5.741609
159.3448 56.93908 -4.888188
175.7591 65.74062 -4.837297
98.4804 46.57584 -5.594595
97.00847 119.9125 -3.772289
246.4457 12.35998 -5.948436
184.3255 40.55411 -5.2661
11.74266 109.8042 -5.892503
231.0639 81.54012 -4.897139
103.0707 51.6282 -5.458333
85.91235 177.8835 -4.192478
260.4154 107.4139 -5.627013
238.2751 211.3713 -4.627306
151.2929 285.1476 -5.914684
228.9754 242.5663 -4.517862
122.8204 250.2283 -4.780934
169.744 87.22826 -4.47004
162.9311 282.606 -5.754577
269.2265 33.2267 -5.864214
22.41327 103.7201 -5.657748
77.4571 84.52367 -5
34.7412 101.0869 -5.378475
173.4405 67.38639 -4.799372
259.1594 184.424 -5.3502
87.5181 122.8221 -3.938033
239.4015 253.4389 -4.88955
226.25 244.2972 -4.515154
136.9636 149.7909 -0.09156891
45.07955 239.1514 -5.626773
73.37252 52.64897 -5.461443
75.25054 107.4031 -4.443014
67.32354 149.6778 -4.564257
222.5186 225.5354 -4.329109
208.1171 116.7257 -4.428436
128.0886 263.6838 -5.043029
204.5521 277.8236 -5.669415
206.0865 108.3156 -4.426809
46.82484 76.95755 -5.107055
205.8282 192.6598 -4.033836
218.0843 165.3031 -4.432154
210.7072 59.48027 -5
185.7503 20.42291 -5.869914
82.20704 280.6986 -5.946604
89.94185 179.3082 -4.135674
66.17137 221.9453 -5.148056
61.78288 52.04194 -5.46918
99.16765 188.6913 -4.092057
76.84026 223.4836 -4.907496
106.5334 219.6946 -4.450441
199.5287 183.3234 -3.854844
73.52448 121.6633 -4.343063
108.2214 137.2138 -3.378832
166.0556 171.4992 -1.830061
259.5141 221.9586 -5.108935
149.4795 49.69418 -5.115153
83.01628 162.4018 -4.15617
42.43986 178.9919 -5.486817
45.58702 198.298 -5.523706
238.9261 252.0087 -4.847591
14.10983 105.0098 -5.846972
256.9498 158.4602 -5.398933
188.188 277.4775 -5.529962
130.4403 40.30802 -5.548874
10.68648 80.85605 -5.982128
28.66951 67.70285 -5.572577
229.338 70.16512 -5
28.9643 39.97521 -5.77021
250.9671 67.16741 -5.294519
227.2885 152.0095 -4.579696
268.8437 226.5991 -5.558691
84.80875 247.0024 -5.289258
156.2039 122.502 -3.674347
220.1704 127.2577 -4.591173
68.91705 186.4255 -4.784024
212.6904 178.7751 -4.28114
202.1335 198.4705 -3.884416
216.4724 122.6779 -4.544957
105.9246 129.4924 -3.485684
108.7218 152.4849 -3.369474
283.0915 286.8344 -6
45.16742 92.73305 -5.149553
88.59206 266.5973 -5.654202
192.0847 68.36293 -4.882429
187.5569 267.1393 -4.988286
273.1493 252.0979 -5.912089
230.5659 230.4707 -4.502599
189.5855 34.4421 -5.447386
268.9066 59.93103 -5.700041
146.0824 121.4822 -3.587728
57.86224 42.23403 -5.704691
86.13694 130.6277 -3.998589
54.99846 239.6071 -5.443999
240.7433 108.1294 -4.971088
111.0308 68.39715 -5.03037
54.33657 53.65334 -5.424339
90.548 156.5791 -3.92809
84.59052 53.49205 -5.44582
194.2301 210.938 -3.875733
100.2979 145.0174 -3.605782
178.7117 155.3204 -3.311775
48.66938 130.3473 -5.06513
206.389 196.2875 -4.037737
228.7711 256.0332 -4.844982
39.96229 167.7479 -5.460868
105.3324 39.97235 -5.702078
163.671 290.9698 -6
270.1392 280.684 -6
75.24549 111.0437 -4.335668
158.0252 135.2021 -3.210648
205.5574 120.0835 -4.378475
205.9792 141.1205 -4.103694
113.4615 94.39387 -4.028327
63.98068 99.31816 -4.866338
217.262 222.8115 -4.227094
234.2697 96.82513 -4.899235
274.619 276.1067 -6
73.28544 58.07379 -5.328006
230.9853 61.67085 -5
27.60385 237.0864 -5.940004
243.0443 253.2038 -4.921728
159.7609 190.5663 -3.034429
82.7511 283.6441 -6
254.8726 100.7148 -5.474139
140.8554 218.6818 -3.899009
196.7078 209.3645 -3.900021
87.44046 236.3241 -5.024343
46.58852 126.2993 -5.110495
46.59861 119.0181 -5.107095
30.5011 41.07771 -5.725272
109.7753 68.50172 -5.040514
215.0092 138.6765 -4.292838
84.35546 178.5259 -4.245392
158.6428 161.6575 -0.5625836
228.7671 80.22748 -4.894772
123.7284 130.8294 -3.182094
87.35942 58.66191 -5.319953
138.2908 200.045 -3.471491
69.10989 130.183 -4.478876
248.4102 170.6389 -5.244329
229.4717 107.6668 -4.793065
215.2508 47.24132 -5.035885
149.9391 190.2222 -3.00698
149.9391 190.2222 -3.009345
248.2121 268.9749 -5.458449
128.7387 164.5411 -2.72178
68.10195 155.7654 -4.556154
103.9872 206.9353 -4.233989
111.5006 188.8263 -3.82537
190.034 68.10647 -4.875621
245.0524 111.9747 -5.063682
124.1776 29.90903 -5.819705
241.9445 249.3989 -4.811828
105.3447 235.3456 -4.782001
191.3208 166.7118 -3.655433
166.8388 218.8078 -3.773851
112.1012 265.8698 -5.330034
59.86778 43.21203 -5.682434
103.4149 173.3496 -3.750338
149.1976 163.8455 0
232.5957 86.28323 -4.901629
193.598 86.45496 -4.607892
140.3853 162.3406 -0.4509615
201.4856 200.2677 -3.856617
243.02 111.1869 -4.998886
220.8806 54.92442 -5
62.82325 213.6791 -5.203334
164.5416 287.992 -5.904622
205.1713 22.2918 -5.803134
118.8031 163.4032 -3.210488
162.8578 220.6433 -3.840774
229.0107 217.082 -4.447333
87.90856 51.55796 -5.49489
177.8967 111.8426 -4.185074
91.87118 37.4362 -5.83178
150.0392 245.5858 -4.364236
215.129 269.2009 -5.181342
125.131 184.1534 -3.396572
62.54073 143.1888 -4.682825
266.9978 129.5614 -5.724105
46.14914 264.8001 -5.838898
59.85433 52.92034 -5.446355
45.28604 134.7478 -5.143673
50.66798 174.6322 -5.215039
110.1919 112.4057 -3.723818
266.4888 139.5844 -5.646309
186.9379 203.4447 -3.60354
135.8884 223.9149 -4.074737
210.0124 82.43891 -4.757154
129.2523 227.7831 -4.265888
21.52796 53.53178 -5.831416
71.31502 63.65547 -5.189854
177.7291 143.4733 -3.51213
278.5953 207.4151 -5.934001
224.6485 143.1203 -4.415017
233.4385 256.5332 -4.906916
111.3518 155.8377 -3.298165
51.80506 106.8777 -4.978902
201.5113 98.75021 -4.497372
250.6663 271.5732 -5.589807
91.06076 67.22342 -5.111109
270.0416 70.29566 -5.797458
36.84906 66.49182 -5.36712
95.90462 233.893 -4.869135
97.49739 105.2256 -4.074652
226.7107 192.5612 -4.556261
180.7335 240.295 -4.279059
45.62547 208.8394 -5.536834
141.2961 136.6467 -2.845237
234.9518 268.2164 -5.268628
140.1326 140.5034 -1.748297
156.3378 121.5509 -3.716526
40.15115 222.8819 -5.663524
215.3451 247.2392 -4.476687
29.95654 127.8554 -5.487855
52.25567 56.01418 -5.365351
185.2764 37.00562 -5.373177
211.9755 177.8434 -4.263523
190.798 250.5312 -4.502609
193.6279 128.6993 -4.164992
36.65047 254.551 -5.892017
131.837 238.2662 -4.354409
10.36661 101.1516 -5.942552
49.77788 83.22294 -5.031336
29.15853 33.7895 -5.888218
248.8333 248.1415 -4.937634
23.14788 160.5861 -5.878306
217.1496 272.0746 -5.351069
239.7031 220.8571 -4.653679
57.52893 72.23786 -5
226.717 258.2039 -4.879519
124.3208 175.4879 -3.260628
79.68312 175.2577 -4.356854
220.3027 121.1113 -4.610199
217.1047 215.117 -4.219036
19.35284 143.0772 -5.868099
168.8585 81.90154 -4.54855
127.8615 165.9643 -3.025414
29.9579 184.3211 -5.814167
238.4495 155.6601 -4.984664
71.49058 102.8627 -4.638633
128.4058 124.0482 -3.353106
126.5559 131.9782 -3.136767
133.1246 208.6956 -3.779964
251.2024 197.272 -5.042558
194.5431 227.5407 -4
260.3655 47.68807 -5.524888
184.5791 208.5802 -3.640631
238.8046 122.6979 -4.900141
227.041 94.48768 -4.790684
53.7017 122.6478 -4.931637
231.0687 129.1699 -4.756019
86.94364 167.3555 -4.065398
121.2778 87.35118 -4.111289
35.89001 31.24641 -5.955171
278.5085 167.9783 -5.909278
12.05061 123.6386 -5.946849
13.70975 100.2408 -5.867272
176.6645 120.5929 -4.081409
125.4594 132.155 -3.132218
254.4326 41.75631 -5.485463
273.5657 28.04589 -6
221.1301 53.55352 -5
70.40983 276.7592 -5.934605
144.7533 110.8945 -3.909555
208.351 209.5911 -4.048501
192.8143 135.2784 -4.066383
41.99862 50.75018 -5.485557
144.0084 86.94488 -4.295466
246.252 235.2313 -4.835574
138.7237 34.35438 -5.616229
121.858 217.41 -4.180237
266.1769 230.7178 -5.47667
209.4289 248.3984 -4.463572
188.7469 27.18029 -5.668934
239.6937 99.96232 -4.976877
66.43794 150.7599 -4.591292
231.4524 69.1687 -5
90.91353 52.24764 -5.479299
198.2034 86.99427 -4.623754
95.70099 125.5928 -3.719482
224.1315 95.12308 -4.742652
188.5753 170.1876 -3.530493
95.69365 239.3965 -4.983168
253.8751 54.92796 -5.381777
274.5537 278.5732 -6
130.481 247.0951 -4.525556
44.59768 191.3051 -5.53105
109.7544 211.2402 -4.2395
258.7665 91.4865 -5.652939
273.6794 67.29244 -5.869507
22.12824 181.8457 -5.965642
136.2688 153.5232 -0.01970371
216.439 114.9047 -4.565826
64.11815 63.89598 -5.180663
278.5579 23.83611 -6
126.4596 284.4643 -5.903689
269.0745 270.6212 -5.992037
70.74646 250.7371 -5.45375
185.3562 138.9757 -3.93343
161.9368 272.8449 -5.468789
206.9968 185.1624 -4.093528
65.05145 213.4764 -5.138793
169.977 46.72236 -5.090999
141.3702 64.02458 -4.732819
32.51776 148.9193 -5.527802
240.3213 125.5452 -4.916428
47.83375 178.3376 -5.32757
198.8778 129.8685 -4.245283
207.386 44.61504 -5.122578
79.83329 264.712 -5.664433
244.7255 181.986 -5.048185
194.5515 215.0642 -3.950566
185.1485 161.2785 -3.486006
248.766 15.90947 -5.86028
39.5758 127.6353 -5.269902
192.0028 44.51194 -5.139078
39.26269 136.6679 -5.280927
28.12534 83.98379 -5.57121
181.9663 122.5952 -4.098004
103.2293 135.0148 -3.495334
174.845 81.04405 -4.593506
191.6278 53.58385 -5
242.8439 180.9293 -5.016161
255.3265 47.42414 -5.439147
81.51342 79.34933 -5
169.8307 152.3002 -3.027632
71.71914 244.2302 -5.328952
140.6435 90.81405 -4.205826
178.3212 232.9933 -4.040074
223.6461 68.93016 -5
237.6008 149.2707 -4.901407
267.4654 34.51842 -5.814192
85.86457 40.03855 -5.777224
268.6814 209.7276 -5.478563
112.4985 157.7075 -3.280514
67.76531 181.7875 -4.776587
63.38426 178.854 -4.882293
157.9148 125.5725 -3.59611
264.3291 154.1199 -5.53219
72.81516 33.77663 -5.921704
156.0009 205.2522 -3.481132
107.4851 68.74373 -5.057709
107.4851 68.74373 -5.063197
46.66842 209.043 -5.516491
89.72313 75.52099 -5
240.863 257.8802 -5.023538
223.9489 105.6316 -4.710817
127.1669 144.0613 -2.380159
205.1272 117.9318 -4.377555
194.3398 48.74364 -5.008369
22.47679 121.6936 -5.654573
269.0444 273.2385 -6
178.1671 242.0981 -4.363783
20.40408 156.4396 -5.928504
191.723 86.95292 -4.59023
242.5046 74.79372 -5.131157
70.19325 88.44413 -5
76.59311 114.6913 -4.24806
199.0112 231.4582 -4
234.1477 57.23748 -5.031696
100.7428 213.1528 -4.389479
103.3947 181.5032 -3.898025
243.8362 249.5831 -4.843088
225.7606 48.70734 -5
227.4075 129.9363 -4.689045
62.71242 274.5463 -5.933357
114.8077 47.98461 -5.473922
177.3311 60.5852 -4.92609
179.5058 47.94538 -5.045531
273.2724 86.60399 -5.98727
134.9211 156.2844 -0.4848045
99.50057 229.1843 -4.729403
77.39609 217.9342 -4.829379
59.82687 174.8777 -4.953602
213.7888 126.1144 -4.492808
58.21132 185.95 -5.097336
236.8954 262.825 -5.126486
107.2565 240.1938 -4.856559
182.5258 63.34841 -4.910331
137.5451 29.90656 -5.741719
84.15161 108.6784 -4.259463
129.5621 214.7688 -3.995247
21.82572 93.87385 -5.694141
254.3225 274.4475 -5.76827
115.9097 267.2616 -5.301125
242.2402 61.45127 -5.153058
77.62783 88.9187 -4.949484
118.1675 60.57365 -5.157126
149.5478 115.2975 -3.827896
176.2821 249.8773 -4.583901
65.69443 189.6847 -4.911126
259.6389 55.25115 -5.479761
258.2399 261.0473 -5.429193
212.5297 167.0988 -4.28508
123.6369 24.53649 -5.940753
39.22679 271.1018 -5.990448
271.8452 261.7599 -5.915242
71.83136 233.4199 -5.129333
279.4953 29.99593 -6
201.0138 151.5489 -4
20.57971 182.8292 -6
186.516 208.0429 -3.671087
224.5962 212.784 -4.360338
190.9269 259.6295 -4.770211
250.3784 268.8115 -5.49417
84.34044 170.2213 -4.170193
58.60528 86.62355 -5
89.182 147.054 -3.946326
54.87354 125.5409 -4.898526
216.8896 64.04114 -5
65.24397 214.9131 -5.145641
262.323 262.0915 -5.558807
43.04107 140.677 -5.1971
105.8369 243.8668 -4.948452
173.2646 85.85837 -4.509995
251.9651 23.23104 -5.778504
256.9247 144.6193 -5.322932
121.4588 52.42099 -5.331518
131.3422 110.4049 -3.721641
31.98751 72.17757 -5.4875
235.7256 188.2215 -4.792312
275.6375 159.9287 -5.844053
267.6319 182.3341 -5.562499
211.305 36.41009 -5.368672
131.2914 217.3079 -4.018272
103.5272 143.3129 -3.504161
234.8751 208.6808 -4.579419
198.0363 28.90177 -5.608516
145.7597 48.0728 -5.194472
238.7227 105.2557 -4.946858
255.7072 225.762 -4.988193
95.55979 227.53 -4.744561
144.3146 114.8105 -3.80979
151.3027 29.13673 -5.620974
39.95231 155.8027 -5.359969
122.8348 67.48241 -4.893645
178.5896 141.3679 -3.59303
167.9321 201.8317 -3.333818
94.59699 265.2085 -5.553195
71.37324 130.1312 -4.411707
140.8227 82.73259 -4.328804
192.2892 35.66959 -5.407711
231.8772 145.4578 -4.677071
154.3558 109.9922 -4.035145
202.342 28.76533 -5.608924
32.16475 110.1712 -5.430141
213.487 222.7841 -4.1551
43.4095 117.2329 -5.178545
144.9143 45.66514 -5.264518
86.91718 109.8666 -4.179065
196.4718 188.2095 -3.724317
28.99387 139.8987 -5.568249
63.66007 254.1985 -5.553844
160.1067 36.70928 -5.390903
215.2815 235.6744 -4.216512
62.41681 149.6763 -4.700703
191.6882 35.53165 -5.412427
81.57608 251.134 -5.405488
160.5083 59.49115 -4.854471
162.5117 138.5883 -3.205154
250.0508 173.4076 -5.253876
273.0944 196.0127 -5.649094
267.5715 213.2039 -5.43574
251.6302 41.63082 -5.44481
262.0404 210.8276 -5.172337
90.66827 203.7891 -4.425352
212.7482 22.15637 -5.782367
241.3255 172.8867 -5.06183
17.24737 48.28273 -5.974603
119.0744 146.2564 -3.091728
152.2897 152.7016 0
152.1802 282.852 -5.839397
207.6318 90.53282 -4.63056
177.1141 242.7669 -4.396808
175.8685 267.6342 -5.033259
75.37538 234.2869 -5.127111
63.73481 59.80918 -5.280983
44.02869 155.2923 -5.238848
87.39701 223.0145 -4.75391
164.3371 27.0941 -5.673703
84.89855 54.50889 -5.420956
72.85683 67.52615 -5.095376
140.6288 31.23912 -5.67626
85.90345 273.6744 -5.798303
61.31986 226.7586 -5.250278
167.2782 73.89826 -4.665193
78.32192 206.9536 -4.686741
117.3781 228.396 -4.479613
274.7183 178.8728 -5.757105
93.29547 100.6194 -4.33788
133.1215 153.4435 -0.5052786
95.24247 92.80086 -4.546164
237.5097 272.481 -5.43245
265.123 98.01532 -5.847925
247.4004 229.4788 -4.836173
105.9181 95.89373 -4.172024
85.37223 69.97018 -5.040976
163.326 23.05959 -5.792365
80.70568 228.4766 -4.947111
229.2861 75.74083 -4.963373
145.9774 37.71515 -5.456477
261.4094 174.8542 -5.496239
237.1872 173.4364 -4.964459
165.3152 246.4498 -4.547329
184.9613 104.9309 -4.310938
229.7956 263.177 -5.04827
216.7743 26.00813 -5.661044
197.9056 46.6522 -5.068868
115.4332 145.2778 -3.171738
208.0485 121.6192 -4.413872
99.34564 92.10023 -4.468916
220.1207 48.30548 -4.995885
220.1207 48.30548 -5.003529
243.0784 152.0275 -5.068883
51.62678 254.7392 -5.625547
250.7915 34.369 -5.561648
200.6593 81.97031 -4.715155
103.7416 122.5647 -3.625426
169.9346 147.5576 -3.092275
61.74043 159.286 -4.753723
152.1257 156.27 0
264.2466 239.2185 -5.464479
50.46617 39.48326 -5.765959
210.402 164.9859 -4.193782
155.4638 152.591 0
161.777 113.7663 -4.047853
75.407 268.9088 -5.764419
259.3811 56.28093 -5.470877
97.06112 286.1608 -5.970954
216.7146 222.2932 -4.216316
129.8068 165.7681 -2.596569
88.62754 209.069 -4.525808
236.9353 17.01443 -5.848453
91.99303 102.659 -4.302746
116.4534 27.88628 -5.906601
23.59866 77.67856 -5.69059
30.0993 43.93104 -5.711038
254.5171 197.765 -5.11258
49.25306 232.3438 -5.501131
226.6568 244.2121 -4.517225
96.31324 206.9591 -4.366921
30.42306 225.0765 -5.85867
252.2308 118.6743 -5.273596
131.8742 185.9332 -3.281812
249.0308 265.1639 -5.35101
55.75016 233.0673 -5.38437
239.375 215.1763 -4.643689
193.5646 72.27294 -4.829175
91.2605 274.0827 -5.778333
85.65636 152.0645 -4.059755
70.46869 227.8766 -5.072304
62.51938 69.24162 -5.048484
223.373 119.3346 -4.663929
140.1639 232.8045 -4.049108
155.6945 215.8394 -3.75368
155.2104 258.9298 -5.031713
238.5249 158.7301 -5.008599
127.393 114.8184 -3.557792
228.5494 90.58514 -4.825421
101.0417 61.23093 -5.258432
262.2366 145.7492 -5.460864
68.53539 181.1252 -4.747276
247.9273 15.05646 -5.867838
267.3128 80.86245 -5.79854
35.50757 166.9397 -5.580812
142.7911 136.0436 -2.968722
152.3891 49.05878 -5.101673
248.1427 114.8619 -5.154033
229.0414 124.7415 -4.73921
79.17561 222.52 -4.855236
261.1038 38.03902 -5.653954
123.3285 100.4252 -3.840001
93.19709 31.2246 -5.961014
38.78708 167.2818 -5.49034
36.22279 97.37456 -5.352772
216.2447 133.908 -4.431131
148.4153 256.3169 -4.853511
165.3575 171.2497 -1.674278
260.7812 251.812 -5.39811
156.0939 42.37561 -5.234358
275.5637 194.098 -5.759133
181.836 69.84884 -4.805187
128.1104 267.1342 -5.17178
126.6259 196.368 -3.618067
180.1107 243.1155 -4.357906
109.3076 176.3623 -3.655805
24.06208 132.4651 -5.66011
190.1479 49.67383 -5
129.6227 145.4462 -1.769552
137.2154 25.43932 -5.846304
226.4229 157.7555 -4.600043
167.1575 110.0026 -4.127462
124.564 82.83913 -4.241271
117.2527 184.8267 -3.607812
237.2624 195.7328 -4.754105
29.23889 33.21884 -5.902155
214.0341 274.5729 -5.501553
140.2527 232.575 -4.044054
193.7733 176.9326 -3.675012
212.3136 189.0605 -4.23495
218.8113 80.83448 -4.828603
247.1881 172.1079 -5.202095
81.65655 231.337 -4.993285
53.56649 54.31563 -5.407649
206.005 20.37663 -5.854262
123.0517 198.1183 -3.729607
30.32196 42.75037 -5.715613
34.59722 102.9104 -5.377586
272.6595 120.596 -5.975557
161.4851 215.9724 -3.728083
27.29686 50.21435 -5.724391
167.0393 291.0823 -5.979379
201.6497 203.1081 -3.896854
155.5017 259.2644 -5.047037
271.3955 145.9947 -5.779315
141.411 257.9941 -4.868609
218.3339 138.2971 -4.349285
141.7149 89.61396 -4.233889
167.9017 249.3106 -4.702679
219.5185 246.8403 -4.510202
107.2884 229.9541 -4.648845
56.17681 276.0989 -6
276.8124 224.4828 -5.894355
138.2891 207.6673 -3.653009
23.39131 35.89339 -5.933866
222.3609 281.9288 -5.869557
133.6756 168.3341 -2.365856
150.9124 74.76568 -4.543033
136.5298 175.7015 -2.745918
80.42781 224.8425 -4.876962
178.5918 37.61362 -5.360497
155.9889 245.791 -4.429382
47.85088 108.523 -5.074163
82.20121 125.3328 -4.096369
272.0957 68.12503 -5.834992
218.8858 231.3068 -4.271736
56.18379 226.3832 -5.351286
87.54407 270.0343 -5.722862
180.895 104.5689 -4.285499
71.02888 40.45383 -5.757984
228.9045 57.6229 -5
33.11929 52.92528 -5.566259
60.87182 116.1887 -4.715262
217.706 157.5757 -4.324153
255.0717 116.5236 -5.385658
44.21005 56.2741 -5.352917
240.9621 205.5078 -4.741111
12.29169 121.9266 -5.928265
209.3121 179.5349 -4.180197
227.9788 36.55951 -5.328126
55.33045 146.7288 -4.89706
85.65018 60.78672 -5.266925
65.92517 240.1155 -5.282922
104.9773 79.34339 -4.753381
155.6409 209.8111 -3.599633
154.3624 130.7732 -3.289258
149.3754 112.116 -3.949253
226.1919 158.5951 -4.599516
90.03047 198.305 -4.368671
176.3928 214.6453 -3.61945
238.59 181.8988 -4.914316
212.7939 218.894 -4.139328
260.4875 87.27572 -5.668524
58.45526 271.5341 -5.89974
227.6285 123.5603 -4.719987
248.9789 264.3308 -5.324626
149.702 80.5575 -4.444747
83.33403 220.2254 -4.755034
180.1385 69.88767 -4.79563
86.41232 282.8777 -5.965147
8.947045 92.00696 -6
181.9538 265.6747 -4.936692
219.8647 22.48653 -5.750007
175.296 266.0925 -4.99614
52.27831 199.2446 -5.380439
98.02467 113.8976 -3.870897
235.8894 242.3323 -4.655537
14.93009 112.8029 -5.82162
202.8086 113.1688 -4.353787
47.20679 30.98749 -5.970066
178.2111 172.0933 -3.153206
241.5693 277.6972 -5.644509
61.1899 116.3331 -4.705909
274.8177 75.22999 -5.950915
189.258 232.6293 -4.030038
52.39926 124.6874 -4.971435
169.2792 282.3849 -5.657281
100.5132 264.0492 -5.450389
212.5829 230.8063 -4.143446
40.91272 247.5137 -5.763114
23.20016 90.92242 -5.669157
259.6612 268.9784 -5.717821
100.6764 107.8832 -3.945949
135.6099 35.63912 -5.615228
130.7156 205.3757 -3.748715
238.4781 141.4387 -4.863547
81.56188 95.4271 -4.69294
132.2727 159.8717 -1.319797
139.3123 145.5279 -0.2631964
199.5191 100.8815 -4.459905
279.5841 23.35757 -6
82.59496 64.4592 -5.175227
146.3872 99.29091 -4.132474
162.4225 234.9498 -4
64.69544 113.0674 -4.60006
203.3335 257.6391 -4.729088
225.6609 210.0293 -4.378828
47.87273 92.747 -5.080186
32.46776 108.4199 -5.422516
258.7678 154.3609 -5.415243
83.92076 77.474 -5
56.36628 222.2834 -5.342278
73.00002 206.6962 -4.845265
54.31986 46.56233 -5.596752
20.74437 76.71998 -5.75888
179.478 240.3996 -4.301489
215.3484 244.8121 -4.413987
269.4887 137.5059 -5.763544
163.5631 126.3155 -3.718647
21.53626 66.69048 -5.75548
195.0279 49.86556 -5
272.0529 226.6395 -5.7001
55.68382 121.3889 -4.872122
272.0092 258.1915 -5.900924
198.2436 77.09574 -4.778536
8.396226 100.3245 -5.990077
186.4844 173.4209 -3.430409
74.67633 107.075 -4.46211
74.46036 109.8103 -4.384937
97.4922 134.5014 -3.665094
79.55906 207.3804 -4.6617
141.1832 269.2242 -5.328759
153.003 129.2116 -3.315828
198.3506 108.3788 -4.37027
116.0688 260.925 -5.167977
278.8281 198.9532 -5.923354
123.3252 77.21711 -4.489951
190.7673 55.68924 -5
50.45591 78.80849 -5.013951
35.83358 244.3308 -5.836167
262.6553 117.9428 -5.641993
117.4426 54.10559 -5.324917
44.8797 51.51855 -5.469062
150.9685 225.7693 -4
45.21777 69.14449 -5.15012
229.6702 232.4252 -4.492264
27.41341 163.9394 -5.785598
196.14 255.4525 -4.653754
266.0219 100.0425 -5.867041
35.01186 199.2984 -5.734019
65.60023 270.4605 -5.84331
107.3481 33.66913 -5.829535
220.8497 192.1265 -4.433753
86.09045 62.06599 -5.235668
234.8291 50.39595 -5.072933
23.1595 177.7265 -5.939834
110.7129 49.02635 -5.473526
60.92311 225.9714 -5.257081
84.86103 177.3387 -4.219295
198.7155 119.4058 -4.271506
159.1232 165.8558 -0.6272438
274.2531 144.5262 -5.887927
55.59638 190.9017 -5.21432
268.2193 217.8155 -5.477589
30.62974 88.6288 -5.502486
192.9994 250.5187 -4.502727
23.88985 97.23959 -5.638569
75.82807 111.713 -4.306369
223.7665 109.7314 -4.696627
141.7109 207.3994 -3.578738
31.70233 175.9384 -5.766435
48.04596 248.5261 -5.636439
102.9267 53.45174 -5.419046
216.9462 112.504 -4.580504
114.5678 144.6151 -3.194171
74.54697 187.6998 -4.625452
154.3753 217.1969 -3.795036
196.4384 186.845 -3.728884
37.48167 101.2517 -5.314656
219.1518 269.0709 -5.170723
185.0869 103.6387 -4.32584
263.8829 16.70126 -6
113.8432 86.87661 -4.271557
180.6487 141.9655 -3.668936
186.3659 99.36218 -4.381391
128.0308 120.3025 -3.436709
264.9048 198.0962 -5.344088
103.7772 52.21878 -5.441471
66.69003 275.1379 -5.923839
162.3699 62.2927 -4.820539
49.44794 110.7997 -5.038984
91.66752 235.5448 -4.954888
200.7209 146.019 -4
93.89547 280.2037 -5.877513
279.3399 282.6351 -6
103.7564 169.322 -3.67072
114.2573 285.8053 -5.937563
258.3499 60.40009 -5.43628
51.44786 217.9591 -5.433783
105.7118 161.8446 -3.510143
76.22618 168.9659 -4.404033
161.6533 81.80094 -4.51213
155.8122 111.6653 -4.02754
66.69511 265.0884 -5.73878
196.4726 47.21589 -5.052972
144.1249 219.8963 -3.915474
47.49529 231.2084 -5.529353
271.072 213.5789 -5.599574
255.3759 203.2819 -5.077121
195.9224 240.175 -4.21398
247.1451 88.3015 -5.279565
134.8823 216.2398 -3.924711
115.1178 270.8823 -5.387812
29.01455 35.61305 -5.843767
164.1879 64.60226 -4.79406
258.2324 113.3038 -5.515325
147.5829 27.51535 -5.700293
195.6587 98.65658 -4.456129
273.6291 78.0634 -5.939655
32.955 94.94648 -5.434036
35.22325 116.8893 -5.363798
220.6522 194.3305 -4.40853
224.6445 260.9058 -4.927596
126.7618 136.5242 -3.029776
126.7618 136.5242 -3.032567
235.2132 213.4892 -4.56323
128.643 214.4864 -4.005774
219.2914 149.1208 -4.287187
133.1495 241.7629 -4.352077
90.07425 153.9354 -3.936008
142.2164 219.0299 -3.902853
219.8701 254.7579 -4.71855
244.119 275.2118 -5.599735
164.144 128.1983 -3.658017
117.5114 36.3945 -5.713795
225.5276 102.0308 -4.745842
97.06344 169.5889 -3.842962
130.9166 187.927 -3.345136
245.686 267.2882 -5.374654
274.094 170.0892 -5.826912
39.11646 242.2458 -5.760107
258.4743 264.1894 -5.535812
41.22915 242.4629 -5.722013
50.6574 271.6366 -5.941642
128.2607 30.95326 -5.77432
11.43141 85.57924 -5.953951
87.54471 154.6759 -4.013052
48.03945 214.9275 -5.497148
79.57712 270.937 -5.780365
97.18074 148.7292 -3.708865
109.4952 162.2131 -3.422311
255.2618 253.7586 -5.181012
231.5897 59.38171 -5
148.3995 95.41476 -4.20953
118.4131 138.5354 -3.166125
167.0663 246.0305 -4.544102
21.71722 38.16909 -5.954065
214.5276 39.55972 -5.270097
30.27923 201.2648 -5.83014
188.485 152.4043 -3.787317
171.4142 189.9204 -3.064594
117.8791 141.1263 -3.156158
268.8273 174.6465 -5.665977
246.6724 193.3939 -4.97967
71.08231 65.70858 -5.139262
49.90001 97.1754 -5.028205
206.8446 154.6009 -4
272.8007 25.06757 -6
245.8854 231.8267 -4.814956
185.0684 123.3964 -4.111724
220.5033 174.1594 -4.524379
234.5106 120.7483 -4.837203
56.03351 156.1553 -4.89771
135.2639 240.7665 -4.278657
152.0235 166.2078 0
186.0388 220.6438 -3.869986
190.785 189.7427 -3.513444
70.97624 174.2055 -4.610458
79.97791 147.5301 -4.207578
196.5154 175.8839 -3.778001
259.2323 29.7011 -5.774199
56.77691 136.4568 -4.848293
59.26403 236.5516 -5.342758
73.81123 35.91539 -5.870455
108.519 203.1911 -4.109438
98.33413 158.5625 -3.697792
152.6149 77.49503 -4.518038
187.9927 182.336 -3.444404
178.0475 85.93855 -4.533962
136.0343 176.0162 -2.854725
166.8524 170.6467 -2.180671
25.94481 241.2578 -6
147.5049 211.5141 -3.681666
67.36853 187.409 -4.839791
70.72626 271.7084 -5.839983
76.95048 271.566 -5.805423
192.0469 248.8719 -4.455281
229.8433 113.8396 -4.781981
137.3697 271.473 -5.387964
61.3323 96.49669 -4.993011
33.02624 228.6195 -5.811892
132.5441 129.9072 -3.275187
166.657 101.1404 -4.236518
69.74214 229.0309 -5.093962
212.1327 211.1731 -4.121645
275.2641 180.6047 -5.752216
227.9923 26.8512 -5.600964
113.4593 185.3306 -3.712773
230.88 41.99181 -5.166025
71.62634 75.06284 -5
143.9831 130.7832 -3.209541
95.95054 104.9955 -4.122217
120.4693 77.47207 -4.526026
41.92423 181.0515 -5.519182
165.7074 173.9721 -1.217783
203.7982 81.70888 -4.735788
152.0601 210.0068 -3.622577
185.4159 242.6907 -4.30757
26.60971 188.8725 -5.886333
243.5494 41.73986 -5.319177
221.6131 189.9096 -4.471325
167.5215 268.4319 -5.236691
220.7117 30.08945 -5.533556
150.332 276.7509 -5.669604
138.0034 113.9689 -3.73591
63.15359 115.6056 -4.647244
164.4813 280.409 -5.677474
101.2113 264.2987 -5.446589
204.8032 275.2392 -5.514556
144.333 127.0967 -3.36207
114.92 24.35671 -5.9926
133.577 124.5745 -3.417527
169.6698 198.3032 -3.23479
209.6503 165.1169 -4.172481
86.44297 190.5373 -4.334779
180.2868 186.1907 -3.222072
89.63912 129.7891 -3.890822
28.51025 106.0834 -5.510459
28.51025 106.0834 -5.511665
158.4042 27.57114 -5.659672
97.93276 84.51025 -4.746701
