95.54363 124.307 -4.29772
233.2622 51.91076 -5.289552
65.67319 96.51114 -5.035702
73.05817 285.9895 -5.78633
82.85585 112.2727 -4.64343
119.6581 241.8441 -4.462686
36.86387 113.2492 -5.570015
40.22732 72.14073 -5.456484
241.4978 201.7034 -4.977568
180.2968 198.1359 -2.406551
190.0106 59.46082 -4.64302
72.13678 102.2791 -4.906876
241.1412 197.4264 -4.931157
134.1679 138.4025 -4.823772
182.6672 222.9584 -3.357993
115.3076 159.3877 -3.776385
182.4026 228.8423 -3.665993
99.31943 289.7497 -5.860148
219.1242 110.2547 -4.189786
255.3508 195.8498 -5.325022
53.24076 225.6541 -5.310274
230.9055 278.9271 -5.904217
149.7852 173.6917 -2.479267
48.77996 114.3417 -5.381465
151.4272 220.1085 -3.575372
130.5014 181.2623 -3.13456
194.7649 67.35356 -4.374232
169.4913 84.61744 -4
30.87103 48.46401 -5.821871
32.87378 249.3283 -5.806823
47.16319 43.3131 -5.616731
94.46542 143.1789 -4.37037
242.235 90.72708 -4.911888
146.307 80.63518 -4
263.4233 188.9909 -5.537454
96.7424 101.3748 -4.102513
60.06669 97.47369 -5.130392
151.0547 74.15568 -4
109.5708 120.4215 -4
151.7243 82.21772 -4
167.6722 261.7542 -4.805204
184.4216 232.9296 -3.994669
244.1254 21.62808 -5.973093
112.0998 202.9954 -4.076032
249.6264 33.03047 -5.750634
69.17683 132.9118 -4.877404
231.4346 247.9329 -5.076998
218.4883 77.92189 -4.345898
192.5714 151.0215 -3.864534
24.72526 87.70208 -5.747253
152.7572 76.88502 -4
241.643 275.5719 -5.734566
223.2787 212.9279 -4.542852
201.9209 192.37 -3.344581
254.9889 246.4838 -5.558361
90.19377 35.73017 -5.525572
175.3722 108.9425 -4
206.9925 47.80948 -5.43497
26.70749 67.21684 -5.716055
70.32868 118.3235 -5.026968
14.13168 89.2338 -5.948899
163.9091 221.1881 -3.403502
161.6864 134.4357 -4
139.7047 34.59738 -5.564148
223.1857 88.62215 -4.30344
273.5932 206.0885 -5.805084
52.62728 62.18694 -5.364036
242.2299 107.1853 -5.013341
103.3164 123.1812 -4.039382
95.06266 216.2407 -4.514032
248.4891 145.6466 -5.272226
228.7163 187.1304 -4.480411
195.2681 201.9647 -3.135674
144.796 258.7888 -4.895378
48.32491 59.8963 -5.450041
32.19507 75.50994 -5.608661
121.1818 188.5669 -3.493008
179.4597 208.8869 -2.982799
170.5382 267.0357 -5.028732
239.4391 117.7914 -4.933557
252.2963 71.34633 -5.09616
152.7522 74.11684 -4
169.5261 136.0387 -4
245.9032 33.83617 -5.732776
74.14607 30.33321 -5.809002
127.1832 221.6491 -4.062599
39.45367 113.6829 -5.529831
69.30426 98.36208 -4.968141
250.0863 109.4705 -5.263756
93.8974 234.1286 -4.787789
189.1492 228.195 -3.981974
224.6274 30.72038 -5.774356
45.52851 183.0926 -4.990376
170.5035 189.9792 -1.433825
107.8332 104.7236 -4
240.1569 186.7928 -4.894701
94.32777 210.6451 -4.442243
101.1768 142.3807 -4.194448
186.6219 131.5899 -4
119.8608 216.7731 -4.126498
247.1117 74.11948 -4.960487
26.77869 207.2986 -5.672929
91.69706 41.87704 -5.269127
237.4613 243.5856 -5.188857
172.5806 273.3598 -5.363635
33.11318 248.8299 -5.799995
137.8104 195.8466 -2.932204
23.62384 65.88428 -5.775326
68.57684 253.3275 -5.418777
76.84037 204.2572 -4.654286
34.39084 188.0877 -5.283823
250.9534 121.7373 -5.382962
237.4924 87.15717 -4.741368
34.3206 174.9683 -5.130002
180.3018 213.7216 -3
171.4515 105.5434 -4.147859
37.67325 269.3171 -6
42.08874 100.5775 -5.434099
144.2336 237.1483 -4.331989
243.005 102.8824 -5.0109
197.1577 273.8593 -5.620539
221.4218 276.9826 -5.879428
21.80541 134.0715 -5.614627
13.31937 158.6874 -5.98143
22.005 66.56599 -5.805996
246.5934 256.839 -5.414757
216.1229 49.45875 -5.320565
175.7397 239.3095 -3.891393
246.4823 62.56771 -5.165024
246.4823 62.56771 -5.171306
107.7502 273.1366 -5.176904
130.4258 229.4627 -4.227832
225.8885 237.252 -4.906915
257.4888 165.0463 -5.532588
143.8204 184.4084 -2.345308
188.1631 231.5926 -4.035175
143.4734 262.5733 -4.972658
97.29626 148.3094 -4.26819
35.97427 232.1167 -5.669937
122.5285 46.02563 -5.075113
197.5864 257.9981 -4.915105
87.73085 96.87867 -4.34837
201.442 219.0021 -4.078849
99.50665 39.6885 -5.3487
30.30626 156.213 -5.229369
247.5109 232.6997 -5.366633
52.70103 47.24404 -5.479853
256.2236 82.70888 -5.273298
88.03019 155.2336 -4.332053
251.95 27.74409 -5.856305
87.7168 215.5366 -4.596351
131.3266 217.4588 -3.873084
64.80551 186.7851 -4.693833
241.3519 243.1932 -5.267931
270.1705 72.98516 -5.616214
74.11807 248.4226 -5.265496
56.39893 71.05021 -5.215191
117.6054 287.6627 -5.79428
104.5721 103.8502 -4
162.2474 99.61063 -4.682358
173.8584 180.5736 -2.475248
90.82956 100.107 -4.279123
149.8002 188.4051 -2.044763
72.86502 99.91125 -4.863233
133.7445 118.579 -4.180343
111.3227 272.5998 -5.165242
26.49423 182.8835 -5.42903
165.7483 42.30641 -5.364166
93.42422 128.9441 -4.387407
262.0146 25.16266 -5.91255
170.8187 102.8275 -4.096491
134.6637 86.81738 -4
233.3751 212.9245 -4.890942
223.5744 24.98034 -5.940937
276.9454 83.75165 -5.882828
190.0267 169.0926 -3.413617
126.7009 250.7083 -4.671995
244.4392 197.2371 -5.037873
143.1218 273.8821 -5.36223
32.60824 134.6586 -5.435518
100.0712 270.3923 -5.090092
216.0025 40.70156 -5.563506
75.18019 113.5102 -4.899086
68.81445 273.269 -5.715715
222.973 95.33919 -4.332334
160.2048 150.9657 -3.451526
48.18812 273.5513 -5.967707
213.9962 174.3083 -3.912483
254.6817 110.8822 -5.413703
195.0142 91.61786 -4
134.1618 40.71586 -5.275092
124.7462 142.8274 -4
234.3174 253.8965 -5.153369
119.2619 132.1072 -4
122.9965 193.3035 -3.462207
59.70781 209.7686 -5.00277
268.0152 199.2385 -5.658295
223.2386 197.1913 -4.328312
259.2017 102.8152 -5.489561
239.2905 59.1676 -5.179859
117.8773 167.9751 -3.638433
272.4524 40.35805 -5.880185
44.7771 138.362 -5.19788
43.33118 52.50202 -5.600604
258.2419 214.9722 -5.541141
174.9875 35.57246 -5.915192
238.1744 258.5485 -5.298107
169.1365 53.49169 -4.723595
258.3181 51.41333 -5.40054
105.6542 273.6017 -5.193876
183.9988 91.33898 -4
217.1971 161.19 -4.057313
45.53034 156.2439 -4.975781
154.2607 50.9879 -4.885548
144.7235 43.01498 -5.173744
15.89568 175.2382 -5.885654
119.5068 51.06254 -4.913217
128.0284 249.692 -4.653954
276.0893 203.9836 -5.87077
238.0146 105.8786 -4.874696
261.5943 47.77372 -5.519103
237.308 118.1056 -4.855404
44.59099 189.7504 -5.086861
186.6757 79.93909 -4
204.2811 250.1089 -4.645142
262.3141 57.88239 -5.470352
30.87596 64.04979 -5.65481
275.0933 189.0272 -5.964489
178.9941 245.0371 -4.170738
145.3274 130.449 -4
54.89364 123.7961 -5.208436
98.80555 277.7781 -5.360159
258.0784 96.77339 -5.409751
248.1507 172.8822 -5.135546
218.3472 154.2239 -4.11009
36.02856 103.5603 -5.544316
218.3785 252.9339 -4.909512
200.1095 210.8414 -3.738428
35.45796 55.94344 -5.676207
96.71479 248.9674 -4.937331
224.7596 30.9828 -5.766106
117.7637 122.3197 -4
270.2056 73.13604 -5.618081
130.8303 39.54066 -5.32494
124.2801 268.7008 -5.085107
45.77191 64.80871 -5.433879
213.1976 182.7832 -3.91226
136.0198 71.57968 -3.997436
136.0198 71.57968 -4.002336
35.34073 63.98556 -5.591716
124.5171 84.77422 -4
144.6562 97.96532 -5.33915
249.299 192.7649 -5.165764
234.6567 47.21446 -5.404874
156.3002 270.0159 -5.178598
162.1999 216.9041 -3.209814
165.2733 263.9707 -4.908743
192.7137 163.2291 -3.603355
224.7758 134.2058 -4.375827
248.2803 60.21334 -5.212779
218.1946 194.1592 -4.149587
22.79025 48.57305 -5.936142
124.0165 107.9559 -4.022535
57.17084 43.53919 -5.422976
188.19 212.176 -3.319259
259.7311 39.77691 -5.622573
87.75589 110.7196 -4.4734
47.37659 202.0113 -5.172845
200.5401 148.9052 -4
78.20562 48.36699 -5.024012
30.33705 38.23732 -5.939071
161.5008 108.9186 -4.961927
149.8754 204.2926 -2.753033
276.8625 232.9382 -5.978746
73.01214 134.1134 -4.804563
248.4479 22.17386 -5.964556
107.423 113.6447 -4
265.3226 30.50981 -5.808606
214.4951 158.7489 -4
65.73488 141.3334 -4.834388
61.88284 139.4496 -4.915271
145.3541 143.0764 -3.728197
259.6454 88.84978 -5.406154
93.31965 268.2715 -5.19697
62.65331 68.29051 -5.124891
265.3743 63.38689 -5.520041
101.2034 174.2344 -4.100284
273.1879 243.4129 -5.929468
207.3289 73.05776 -4.357069
59.69068 279.5832 -5.95347
186.7819 245.807 -4.282904
183.1179 159.2772 -3.481857
133.3559 156.5856 -3.534192
111.7804 152.7941 -4
66.20917 47.8451 -5.216019
243.544 115.8773 -5.104195
76.83765 91.32586 -4.660952
148.1942 281.9193 -5.614434
51.23361 213.0721 -5.221866
174.4622 280.8253 -5.758559
169.6212 207.8606 -2.684295
190.2432 83.04291 -4
191.0512 189.054 -3.038418
185.2127 57.48489 -4.697065
164.6735 52.34238 -4.733354
117.8817 266.8752 -4.993279
189.3101 195.0096 -2.751154
244.5448 172.0546 -5.040652
30.7666 162.1562 -5.220738
93.78271 87.14597 -4.067332
209.5769 115.9718 -4
231.9739 209.6573 -4.786296
70.28527 98.60508 -4.937719
202.2992 206.5062 -3.665666
196.5655 203.5657 -3.265028
48.5136 147.0744 -5.035565
257.4284 189.5073 -5.379694
36.05366 104.5836 -5.548052
137.0126 56.91912 -4.736145
151.8688 284.2622 -5.726052
153.5005 76.41295 -4
154.7122 133.4956 -4
20.61355 120.1056 -5.798347
145.3416 279.7471 -5.565516
202.4399 187.8833 -3.366672
148.6382 223.0923 -3.783796
25.19994 223.717 -5.838366
122.9128 183.4837 -3.42643
73.88611 115.8909 -4.961723
237.3911 236.8751 -5.168331
89.39815 112.2747 -4.435284
158.5145 50.01837 -4.866753
187.2561 171.5451 -3.299688
136.9216 167.3118 -3.122511
66.31249 132.8257 -4.922549
70.23069 278.4319 -5.742051
98.82951 183.883 -4.129253
146.2336 37.8989 -5.424095
33.00174 118.6466 -5.618103
124.6824 163.3067 -3.479548
187.0153 128.3955 -4
172.9866 114.2682 -4
121.5085 137.782 -4
181.2284 55.33866 -4.771673
175.9095 116.7421 -4
192.8588 249.9152 -4.520711
178.7766 223.3508 -3.242512
202.403 208.1724 -3.739634
118.3361 136.679 -4
141.3977 229.2496 -4.141036
174.4026 157.8839 -3.411707
259.5702 79.37104 -5.349839
208.9038 135.972 -4
250.8663 139.9797 -5.386979
241.3222 162.4962 -4.939294
229.6201 217.561 -4.8414
42.05005 134.8977 -5.282207
163.6607 36.70381 -5.707621
174.3687 227.0163 -3.472363
32.58078 256.616 -5.84526
268.574 261.7589 -5.881792
251.2777 206.7508 -5.277455
174.4931 150.032 -3.702518
43.36755 134.7538 -5.262905
152.6667 103.9633 -6
81.89734 280.8953 -5.55863
153.8785 141.8195 -3.731823
240.6734 37.33088 -5.660998
123.9514 65.56077 -4.501006
142.5698 187.2812 -2.428678
182.1816 241.627 -4.106845
137.1005 210.5007 -3.409741
167.0883 198.2105 -1.841749
273.7339 193.8744 -5.864066
49.64545 115.0045 -5.370132
177.161 247.2406 -4.246513
73.60459 165.9542 -4.483103
30.83033 141.6769 -5.381077
40.05806 104.985 -5.484829
211.0649 171.4933 -3.852492
110.4533 64.08727 -4.551668
197.8936 93.59976 -4
171.3557 174.7151 -2.706526
274.2728 226.0957 -5.906974
180.799 212.1934 -3
138.6461 128.6299 -4
156.9023 58.66352 -4.386952
224.6183 158.5552 -4.333257
253.6011 259.1436 -5.565746
73.15591 170.7427 -4.487445
231.1379 21.73562 -5.973604
168.9763 277.7274 -5.551698
39.3462 172.123 -4.991548
77.1435 183.2794 -4.447698
168.1387 65.38407 -4.055428
38.74703 145.1363 -5.214092
169.456 97.28415 -3.998446
217.6878 126.0631 -4.128779
248.4286 170.1076 -5.142859
43.15862 74.95573 -5.39964
138.3352 53.1346 -4.842078
50.17306 65.99736 -5.35827
203.9554 115.0386 -4
63.16704 105.8973 -5.114288
246.4411 245.5038 -5.379394
210.5044 110.1865 -4
183.3387 178.5365 -3.066709
55.2296 219.5411 -5.213577
99.68392 71.27337 -4.356071
26.70155 231.0774 -5.842774
62.21861 267.2386 -5.725234
163.0977 124.0129 -4.292485
152.0402 166.89 -2.742611
31.79489 89.96733 -5.611622
113.0391 182.3065 -3.812743
65.30641 125.1505 -5.026493
223.1349 189.1163 -4.299439
121.0854 66.68816 -4.47111
170.4891 72.72506 -4
99.78098 77.79372 -4.171964
61.70595 37.36793 -5.548101
84.43596 152.32 -4.42071
127.6535 245.9463 -4.572768
114.4381 270.1015 -5.089352
125.9446 171.1655 -3.318241
53.50215 183.7445 -4.859311
67.5109 173.9814 -4.563862
37.51053 29.35116 -5.970279
47.95133 106.2075 -5.361952
132.6903 30.73815 -5.735125
160.3556 131.4704 -4.113996
244.4748 107.6648 -5.080223
267.7347 69.85545 -5.543125
179.0182 138.3244 -4
185.3874 250.5033 -4.469946
92.49088 285.7724 -5.686324
154.4447 84.12741 -4
244.2307 47.71593 -5.457632
211.4132 143.3852 -4
163.4665 36.48072 -5.71999
73.91397 223.4367 -4.888791
95.65092 97.91096 -4.105752
90.67306 245.0101 -4.986001
138.2957 222.0396 -3.952784
274.5983 86.80118 -5.834806
196.8051 158.2056 -3.807665
206.0171 247.7939 -4.583803
223.08 126.6223 -4.324625
234.0435 138.8857 -4.707215
99.29189 124.5247 -4.176522
235.7221 222.6925 -5.094972
226.6719 246.1078 -4.96375
272.3032 71.45741 -5.668421
47.02347 182.4896 -4.958841
245.8483 277.751 -5.819539
22.35666 48.84843 -5.939386
144.6966 62.4316 -4.382872
199.638 98.03463 -4
129.0472 88.65237 -4
258.1583 185.9259 -5.398903
50.01692 146.8125 -5.014693
95.47003 113.6148 -4.252598
223.0783 134.2446 -4.313871
188.3249 44.59609 -5.527659
176.4966 209.9027 -3
228.6113 96.9546 -4.52507
174.7678 124.0492 -4
117.0556 122.9427 -4
235.3411 89.21624 -4.687012
34.68252 117.9255 -5.599818
219.3012 193.11 -4.183406
244.1263 154.9993 -5.063411
95.30717 199.284 -4.288515
235.5285 113.5199 -4.796944
125.6212 232.3409 -4.276004
139.3607 168.0144 -3.051002
139.1639 35.63365 -5.489718
242.6675 282.7157 -5.983949
133.6955 198.6332 -3.206682
156.4384 106.4178 -5.828771
100.2946 141.0357 -4.217224
254.5035 239.5173 -5.530066
211.3619 46.42017 -5.440433
58.62138 202.6641 -4.95276
207.9199 61.25053 -4.780106
50.2149 67.70289 -5.339399
268.3456 88.34735 -5.657044
18.80237 87.30669 -5.860399
208.4356 46.37336 -5.463785
249.7657 264.3508 -5.608299
180.0011 86.08346 -4
114.9861 168.0791 -3.751821
245.6471 33.65242 -5.736274
213.7587 122.3229 -4
203.6946 47.9987 -5.454599
26.2915 214.3633 -5.766911
91.19412 168.8131 -4.240045
195.5183 66.00906 -4.432399
208.2782 51.49641 -5.323379
221.7809 126.2349 -4.277796
60.55972 245.7749 -5.386361
231.8103 129.9114 -4.638368
23.23632 211.6269 -5.799408
247.6086 117.4528 -5.249147
30.80236 53.35751 -5.770422
135.3514 158.4361 -3.437077
131.4573 186.8907 -3.097796
247.0369 268.5088 -5.648936
254.6121 275.9957 -5.927682
179.0142 249.701 -4.370777
154.6632 219.9586 -3.504574
44.25096 224.6084 -5.477666
130.5881 252.743 -4.726375
122.2462 237.0825 -4.368034
28.78581 226.2895 -5.781305
72.18785 250.5145 -5.324933
173.7193 210.8006 -3
135.7201 83.72154 -4
77.68713 263.1305 -5.444449
161.0302 135.8918 -3.956322
211.8746 263.4733 -5.310052
226.2859 116.2721 -4.455034
117.2913 182.5505 -3.645544
138.0729 248.8554 -4.664087
190.7083 123.7983 -4
204.8324 152.0682 -4
245.5963 140.5554 -5.152972
248.0623 128.2502 -5.28294
111.9357 219.3814 -4.296487
227.7877 91.58853 -4.465794
263.9657 186.7411 -5.562609
67.85948 107.4205 -5.044464
246.2386 238.5308 -5.355396
122.5549 116.3322 -4
150.5095 282.7006 -5.63462
138.2085 246.6908 -4.618152
202.4757 72.67581 -4.299767
207.3484 173.8537 -3.714633
129.7395 227.1272 -4.175949
246.0784 137.1314 -5.180115
76.50306 52.04644 -4.977011
50.69094 260.1835 -5.720415
271.6778 248.529 -5.911332
190.2228 129.6494 -4
174.0956 283.8295 -5.907214
31.66013 238.3208 -5.780474
124.131 280.5737 -5.515124
275.8757 77.32941 -5.804045
167.1394 46.44599 -5.119426
168.5665 203.3341 -2.260963
151.8939 278.8767 -5.491528
186.1914 180.7086 -3.078085
204.0233 244.7299 -4.501805
74.44906 34.99067 -5.608483
96.51158 63.76158 -4.57023
62.82336 194.4527 -4.801572
219.3706 66.4493 -4.763471
215.9663 226.4058 -4.583231
224.3657 123.9004 -4.375326
201.3033 172.3234 -3.606736
155.8268 196.8755 -2.042645
155.303 166.5499 -2.759731
79.47047 181.9748 -4.396289
106.9143 65.98849 -4.500382
76.00417 54.78823 -4.957924
113.7302 232.2717 -4.434097
246.795 124.0319 -5.234079
36.15051 149.5567 -5.203339
71.23674 292.5158 -5.942997
117.7716 205.9752 -4.018751
255.7015 44.76103 -5.521988
19.11702 102.6958 -5.849418
38.26931 253.8693 -5.731678
196.3577 232.2773 -4.175435
140.6136 48.56976 -4.969393
46.69724 143.5513 -5.10607
107.4142 183.8003 -4.011192
146.9505 260.7115 -4.942526
152.1739 210.8005 -3.104459
178.0051 186.7738 -2.335015
107.8955 27.77871 -5.814001
101.2651 212.6479 -4.383878
159.5354 110.8596 -5.125285
150.5209 31.88499 -5.869565
142.999 75.28803 -4
53.06599 45.45336 -5.486807
151.1831 166.5684 -2.784072
21.05185 173.8688 -5.659147
118.8176 255.0222 -4.742291
92.85877 58.46025 -4.722319
179.5476 68.8773 -4.099039
109.8053 91.51962 -4
39.13177 199.2799 -5.315627
66.13156 154.9383 -4.673051
126.6834 78.20209 -4
79.63366 38.62631 -5.435856
210.3152 106.3228 -4
170.7233 101.5024 -4.0517
159.9141 35.27266 -5.757551
263.1339 148.9899 -5.908841
189.3527 55.7216 -4.854447
250.4931 115.7941 -5.323988
277.2946 201.8324 -5.920309
157.3511 34.6487 -5.768383
177.4447 106.2405 -4
204.5515 86.77318 -4
114.8945 87.42138 -4
97.05983 216.8776 -4.498103
114.1931 83.19018 -4
199.6181 61.32671 -4.657787
199.4737 146.4646 -4
92.65031 215.3478 -4.531482
50.55726 216.273 -5.274126
15.03916 65.96693 -5.939108
128.9912 218.4223 -3.983058
192.5423 274.1924 -5.588127
223.462 74.24344 -4.54271
188.3868 57.37435 -4.744707
174.2702 183.2567 -2.323432
183.5251 82.28649 -4
143.5523 218.3546 -3.655896
24.39821 196.1661 -5.591698
143.2266 96.10194 -5.121143
273.3462 65.25228 -5.735019
224.8674 221.2723 -4.769724
62.55671 278.4558 -5.887361
17.75199 220.1331 -5.964807
208.4303 88.46676 -4
219.8235 192.605 -4.199338
129.9551 282.0711 -5.597005
139.4744 207.261 -3.214877
240.1621 163.9258 -4.894892
231.4835 193.5138 -4.593305
169.5627 186.2464 -1.701805
207.9542 208.8038 -4.020094
64.5864 153.4947 -4.713345
224.2515 180.7859 -4.310699
161.0181 202.0658 -2.251415
132.4357 54.97606 -4.794066
54.71948 134.6457 -5.083243
13.64753 151.5505 -5.953042
19.36617 152.5953 -5.703531
221.6666 208.7555 -4.415323
16.46463 217.6598 -5.978311
47.35685 139.6682 -5.141356
88.17059 194.2899 -4.363481
74.17025 197.9853 -4.640066
171.0531 99.56084 -4
227.1541 236.275 -4.938972
166.7937 193.8942 -1.461965
111.9886 40.76811 -5.293993
61.49127 109.3865 -5.155552
141.7567 97.72829 -5.17868
126.8168 179.7918 -3.276277
106.3954 51.24875 -4.916772
198.9458 240.3334 -4.349266
68.98447 105.84 -5.019847
113.9904 101.8524 -4
276.9689 66.76211 -5.828172
258.2041 82.66357 -5.329623
69.17891 61.2015 -5.054949
136.6779 36.8661 -5.425682
273.2953 191.3816 -5.872282
188.366 180.8864 -3.119334
145.885 104.4598 -6
124.2737 209.4669 -3.896604
26.2322 40.15149 -5.977203
161.9984 36.89353 -5.675601
197.1506 42.80144 -5.647568
182.8327 263.038 -4.981046
246.4874 52.5183 -5.363906
93.00097 77.07664 -4.196761
164.5286 214.3859 -3.048879
234.4245 246.7268 -5.135195
48.81544 56.81341 -5.476064
196.2777 168.76 -3.566681
36.36695 63.50702 -5.582183
80.65247 164.7691 -4.386604
139.3233 284.4355 -5.727106
40.97505 176.9776 -5.012452
108.3559 27.31311 -5.832066
137.4153 187.437 -2.77231
152.6369 42.49263 -5.197683
22.80942 213.457 -5.83014
202.9706 181.3107 -3.477823
129.5171 177.0375 -3.172419
173.6181 47.70087 -5.130238
167.0478 259.3794 -4.721002
52.3366 252.9027 -5.583069
235.088 150.6934 -4.728745
19.04449 199.7395 -5.769041
233.2565 164.501 -4.640695
65.18288 61.14124 -5.132081
135.5037 156.9536 -3.481269
165.2418 203.7135 -2.22888
254.5398 34.58662 -5.722438
203.1192 252.7521 -4.746582
252.7349 80.24794 -5.159556
57.89554 75.64244 -5.144609
76.58263 192.4693 -4.545572
144.9374 118.3988 -4.702964
26.0874 189.3774 -5.475453
130.4461 195.6738 -3.246589
90.93913 263.5478 -5.195176
76.75822 225.2678 -4.875311
171.5666 188.438 -1.709988
176.7702 76.18393 -4
224.9096 158.8899 -4.34342
144.803 196.2555 -2.535728
258.2372 154.5248 -5.666502
92.62893 147.8095 -4.345854
230.98 116.5819 -4.626786
110.6858 106.8958 -4
88.95062 211.9816 -4.529323
148.9243 246.2939 -4.535855
220.9148 228.1129 -4.730187
179.4464 192.96 -2.13436
179.4464 192.96 -2.138104
116.2193 286.2913 -5.735466
162.7756 254.4715 -4.571935
272.1877 71.87719 -5.667519
120.5444 112.586 -4
78.58152 185.4839 -4.444094
56.35999 150.232 -4.877403
205.3652 60.96768 -4.753395
205.3652 60.96768 -4.756643
37.40378 259.6153 -5.835994
94.67148 115.6808 -4.287807
180.3689 184.4065 -2.628508
234.2383 30.15919 -5.777781
112.3976 236.9286 -4.507781
108.7579 279.5982 -5.447616
195.0865 45.8445 -5.54278
258.1518 158.7361 -5.621077
250.7149 274.8334 -5.839615
258.563 270.3687 -5.876935
252.2184 236.1187 -5.473609
252.3194 131.2624 -5.466059
142.9795 274.4921 -5.383687
217.7289 255.9446 -5.033538
257.7979 273.7991 -5.934927
142.7411 101.953 -5.629856
242.6094 197.0135 -4.985533
201.3893 65.57136 -4.5333
45.56542 169.2124 -4.867571
263.6341 215.5314 -5.657822
61.70002 201.2285 -4.885959
252.3467 47.75777 -5.461025
238.7758 181.7808 -4.84355
61.82962 75.74204 -5.082617
228.0783 220.0991 -4.831994
39.21105 90.97323 -5.469785
152.7582 197.4387 -2.181098
29.54115 166.0523 -5.281451
164.3131 127.398 -4
270.8643 242.2905 -5.878137
47.4759 104.7773 -5.363861
220.5501 191.4508 -4.220079
87.58326 145.9909 -4.444395
24.80244 57.5145 -5.811595
258.1881 240.9878 -5.610659
94.37715 60.09407 -4.675183
159.1282 181.4416 -2.032732
255.694 190.6088 -5.334054
269.0983 215.1788 -5.770742
38.53989 64.89834 -5.536234
233.7221 128.3507 -4.710272
90.39375 197.7279 -4.358196
62.64448 151.2638 -4.768738
105.1141 165.6884 -4.049753
273.8398 111.0127 -6
20.86249 208.4579 -5.812311
250.4874 241.2019 -5.450783
124.8994 287.5338 -5.797352
114.7001 119.2423 -4
53.74208 87.11404 -5.193759
232.6342 90.41584 -4.609916
140.2947 202.2365 -3.033435
230.1298 85.77082 -4.502623
40.70433 91.58374 -5.441093
248.1557 182.0592 -5.135677
18.7066 150.0696 -5.727607
207.7201 160.8 -4
215.5431 161.7208 -4
165.1213 188.5475 -1
46.61981 218.6005 -5.385309
70.31599 293.447 -5.980774
45.47119 256.3969 -5.706182
228.8748 276.9258 -5.842516
233.3698 255.0179 -5.146374
158.5613 73.71848 -4
157.1348 101.472 -5.258648
40.95184 136.288 -5.283313
15.20267 164.9393 -5.907115
112.5373 110.5697 -4
200.2431 261.1607 -5.081592
193.5 240.1546 -4.260619
50.72907 28.40406 -5.967844
237.0112 217.5436 -5.066261
163.135 46.04462 -5.089302
94.51427 88.75988 -4.058727
193.3094 199.0516 -2.938715
179.9024 74.36786 -4
186.1681 146.4278 -3.836009
254.8885 242.3905 -5.545569
115.6572 219.7892 -4.238349
41.84738 153.5599 -5.065322
241.0115 42.13922 -5.566158
54.55812 251.1454 -5.532744
76.60838 78.13429 -4.644797
230.716 32.74262 -5.691278
53.59753 191.4784 -4.931907
132.7492 275.4467 -5.369908
154.0742 179.2819 -2.119492
276.6384 196.8796 -5.944849
46.80135 87.53829 -5.326062
105.0552 214.571 -4.350095
56.07371 152.6655 -4.854052
177.5497 190.0076 -2.138128
42.5401 215.1291 -5.430865
240.3613 166.9171 -4.90227
248.1001 241.3324 -5.401729
145.6017 162.1454 -3.112443
80.7089 251.6848 -5.226574
237.2422 223.1128 -5.127735
240.1407 96.38743 -4.881818
111.9062 93.82271 -4
118.9046 262.415 -4.900705
98.29533 212.1091 -4.413478
244.1846 208.6574 -5.131271
189.3907 155.9862 -3.678877
136.0641 237.4869 -4.415247
164.499 120.8712 -4.344793
45.77914 270.2314 -5.934822
255.5966 254.5852 -5.593917
17.81278 125.1754 -5.783192
27.62985 77.8897 -5.695003
260.4903 193.7982 -5.46027
206.7955 260.2903 -5.112415
120.2854 31.51495 -5.653819
154.8391 195.0778 -1.883452
99.97818 139.6777 -4.221501
63.6272 143.8845 -4.837778
103.0456 57.01368 -4.756304
75.59157 193.0988 -4.568682
150.0803 81.87611 -4
184.5174 163.7579 -3.413018
134.3623 106.5816 -4.844749
47.09285 49.42013 -5.570484
276.9999 223.1512 -5.95612
257.0909 69.34054 -5.242548
196.6358 203.8674 -3.280931
271.0702 234.0188 -5.860887
57.75238 230.0636 -5.243766
238.844 266.6105 -5.475015
227.238 194.8245 -4.455021
198.0554 213.0121 -3.728254
128.4264 32.58011 -5.603793
75.1788 63.4533 -4.874283
106.6681 84.15871 -4
36.53188 206.1274 -5.451911
168.9249 174.3536 -2.652548
247.5513 190.7571 -5.119771
78.99247 41.97811 -5.294346
126.1962 85.26671 -4
79.13073 165.5624 -4.407234
58.44643 54.50735 -5.313021
48.43517 101.5699 -5.335341
193.661 194.1517 -3.03473
104.9296 228.6808 -4.539657
235.0455 264.3463 -5.364882
235.0455 264.3463 -5.366916
87.50977 116.0722 -4.522965
242.476 108.2415 -5.026408
132.2645 127.4866 -4
146.1966 58.18795 -4.60576
174.0999 101.9561 -4
115.4024 276.0711 -5.310478
224.4764 88.66847 -4.344065
74.1989 164.5375 -4.475469
108.9818 60.51836 -4.653392
164.3716 149.0122 -3.587397
103.0799 198.1581 -4.151158
97.32901 277.8498 -5.36144
224.2054 41.72738 -5.473323
58.28388 82.49742 -5.108588
144.4576 286.0245 -5.771396
189.0854 261.4918 -4.978369
105.7776 69.655 -4.397656
244.0689 253.9388 -5.35448
31.24428 59.83204 -5.694738
148.8063 88.92081 -4.417345
153.7153 285.168 -5.788752
169.5514 111.4268 -4.35359
206.9736 138.064 -4
47.8507 140.567 -5.122884
240.105 198.7773 -4.899047
135.3884 118.9206 -4.237417
94.47754 70.59613 -4.378686
190.1224 119.1473 -4
215.2769 162.4095 -4
80.4258 283.7352 -5.621929
125.2535 127.6091 -4
96.06108 95.39874 -4.069863
18.57925 171.8017 -5.765433
40.97337 178.1912 -5.026854
231.7616 152.2864 -4.604569
151.9242 250.6242 -4.622844
17.9337 57.02698 -5.914944
22.93194 156.9126 -5.55512
16.1339 86.23009 -5.911666
238.9115 173.2074 -4.848574
149.5495 114.0839 -5.37292
146.0482 254.7025 -4.80982
146.0482 254.7025 -4.812299
271.3482 224.8353 -5.842762
260.3516 147.1196 -5.794254
263.1156 117.4773 -5.719241
208.2931 85.43615 -4
40.6146 271.2597 -6
183.4077 115.9638 -4
165.7699 71.392 -4
68.71628 165.4214 -4.550551
115.5221 125.8219 -4
269.367 46.64783 -5.748902
188.7781 125.8902 -4
263.7109 236.6142 -5.714327
258.4135 52.73842 -5.39418
246.845 164.5314 -5.131441
17.70399 120.741 -5.837228
243.6494 129.1475 -5.086286
108.7676 42.81374 -5.215757
78.20594 290.6878 -5.874817
103.5169 195.4557 -4.110379
184.6112 153.4789 -3.638946
44.12296 61.69893 -5.490755
96.69687 159.7755 -4.167802
272.572 209.3352 -5.815229
229.8378 207.2034 -4.670327
64.73678 204.4962 -4.865027
104.3892 178.4467 -4.05485
241.3143 78.84067 -4.808827
244.1242 245.936 -5.332868
153.7634 71.74255 -4
249.6715 51.53532 -5.384987
145.2419 147.4779 -3.559791
246.9527 61.22968 -5.192005
186.5445 187.4127 -2.844271
87.04024 257.1903 -5.206055
262.4934 30.57454 -5.805856
80.60959 48.91874 -4.99934
80.60959 48.91874 -5.00093
144.9984 284.9882 -5.734619
169.6035 67.39833 -4.00607
245.6753 77.11025 -4.934292
140.2578 209.708 -3.29416
30.929 159.8013 -5.208991
151.8281 71.06631 -4
233.646 266.2744 -5.441195
224.328 278.7742 -5.929571
247.3996 76.88119 -4.986745
88.61344 34.13569 -5.599024
238.215 190.9707 -4.822777
199.2379 106.0832 -4
196.857 171.8563 -3.513109
161.1466 281.6608 -5.679189
161.213 80.52167 -4
118.1919 189.7729 -3.608005
49.13254 229.9954 -5.408478
166.8319 249.2972 -4.343141
229.2269 188.7115 -4.502509
68.6866 84.72433 -4.875851
74.97173 270.3977 -5.569188
141.8651 185.477 -2.475663
86.84934 267.3577 -5.311565
128.2069 69.7865 -4.244165
78.91608 231.1721 -4.933651
191.7197 89.38 -4
64.74007 214.8867 -4.96471
18.33864 90.19936 -5.868312
232.7532 61.93378 -5.064083
85.06638 278.0166 -5.463579
117.8 223.7978 -4.255
186.0105 190.0036 -2.708709
112.381 223.4288 -4.342644
11.99543 112.415 -5.982165
119.0481 56.72339 -4.753743
127.2241 96.39223 -4.321969
153.1272 71.45373 -4
107.1297 159.3852 -4.024434
136.8138 289.8399 -5.911291
256.1339 262.3848 -5.672674
149.8871 215.0243 -3.356344
87.75632 33.814 -5.615594
58.80623 75.58368 -5.132229
106.2389 202.5606 -4.17035
154.9833 154.8015 -3.236105
40.33844 260.0032 -5.814859
178.432 172.1262 -3.105416
100.3516 119.0017 -4.117437
259.3221 130.7988 -5.705206
216.3974 68.33757 -4.654868
231.3952 116.8378 -4.641567
142.9135 98.72571 -5.40371
185.4212 194.1885 -2.508952
167.5753 229.5987 -3.715759
153.227 184.4966 -1.706235
173.1367 216.5401 -3.036832
28.9089 67.20439 -5.674053
200.5906 86.8638 -4
74.99862 250.9811 -5.293758
258.1227 262.6806 -5.711498
77.30897 229.7679 -4.933552
139.6092 39.6811 -5.311054
156.9276 34.05164 -5.802619
72.33891 179.7488 -4.496552
241.7061 70.45097 -4.921572
103.4363 228.0703 -4.55705
139.6481 279.7257 -5.557785
88.08247 85.56991 -4.241653
137.3451 180.7265 -2.776995
239.627 52.37188 -5.332658
230.6228 227.6632 -5.00264
197.4124 236.8038 -4.266819
178.9628 152.736 -3.602372
156.5199 187.948 -1.193646
90.12993 75.43584 -4.259143
209.2925 91.55663 -4
261.7508 196.4618 -5.493443
179.4687 100.2784 -4
34.60827 222.5916 -5.653182
41.97287 165.0852 -4.929757
58.22981 172.601 -4.692062
167.1796 36.54746 -5.75929
115.0956 50.74632 -4.925107
184.1004 183.9419 -2.892474
90.9421 31.61749 -5.699331
80.81326 150.8102 -4.49379
94.31675 84.55507 -4.027174
107.816 187.3558 -4.004306
23.6708 51.13159 -5.89615
194.1703 120.0407 -4
83.72002 50.06107 -4.965534
35.15047 258.7946 -5.843472
157.3751 234.3448 -4.08588
141.5523 136.8304 -3.987912
220.7715 108.1692 -4.250798
28.17641 232.2193 -5.819683
42.09389 77.71046 -5.419065
218.4901 51.07316 -5.258103
166.1474 213.7042 -3
13.75288 171.2296 -5.975863
98.19118 274.5309 -5.22399
170.5911 88.42238 -4
73.14271 135.5894 -4.78571
15.60332 67.16752 -5.927955
208.0621 79.86692 -4.128754
237.2368 278.0238 -5.842436
257.8125 52.60048 -5.377954
159.4492 249.6557 -4.472988
181.0199 212.2262 -3
248.9601 28.95015 -5.830917
174.6551 211.7651 -3
84.01049 197.7981 -4.468801
121.1143 288.3788 -5.828217
181.1958 200.1631 -2.533706
207.2566 125.2399 -4
159.7482 72.0986 -4
43.67167 234.3297 -5.532545
152.4741 108.9355 -5.987675
263.1171 161.1253 -5.786694
270.1682 183.1483 -5.835348
108.5939 270.349 -5.070676
177.0577 162.26 -3.292131
114.7321 89.77625 -4
155.2505 268.2576 -5.130098
257.1965 37.7492 -5.661325
160.2331 181.6059 -2.043782
57.86203 80.68682 -5.117223
158.6715 128.2097 -4.396779
166.6958 41.185 -5.448975
54.12489 187.3328 -4.883031
227.8763 116.9942 -4.513028
23.64562 62.92588 -5.775868
123.6313 137.1267 -4
30.85894 114.638 -5.672883
229.578 267.1259 -5.490537
270.04 45.874 -5.773436
70.89284 119.5241 -5.003815
122.3773 148.8353 -3.982402
196.037 112.7928 -4
222.9075 142.6672 -4.294827
139.3267 262.782 -4.96555
208.3647 155.0212 -4
271.0881 36.02825 -5.870894
158.0351 172.7825 -2.493603
92.48677 122.7843 -4.390584
72.95035 108.5176 -4.931539
156.3386 280.5573 -5.579431
211.1055 91.09801 -4
170.7156 272.9853 -5.327651
239.6443 250.5133 -5.253545
91.61845 28.41657 -5.834262
93.93162 100.9082 -4.187705
275.6633 45.59366 -5.936022
209.4658 228.1094 -4.405617
47.64867 43.87082 -5.603071
246.9341 93.805 -5.071289
97.00429 269.742 -5.141231
60.00672 45.0291 -5.356958
163.1601 47.06794 -5.025555
226.6906 187.8973 -4.414876
171.3977 150.7854 -3.642944
12.88596 126.9187 -5.938386
173.2458 156.8865 -3.448649
200.9657 64.9743 -4.548085
240.4596 242.7207 -5.248196
56.03641 237.0426 -5.308053
104.2882 264.0766 -4.943991
103.4431 210.3986 -4.322205
170.6174 177.9553 -2.464892
98.20839 191.8987 -4.167658
103.7293 220.7826 -4.455246
218.2372 61.27993 -4.929393
182.1824 100.6335 -4
244.2028 246.5789 -5.336317
149.198 93.34871 -4.774447
161.1225 88.37357 -4
121.1529 260.4674 -4.865311
137.2923 33.70453 -5.594416
176.139 85.07209 -4
155.8132 232.219 -4.04936
93.36428 70.0907 -4.393701
165.6744 82.88451 -4
75.62057 95.56303 -4.736204
247.5338 37.47729 -5.661673
109.686 164.8633 -3.963402
237.6433 35.61788 -5.685813
199.0001 118.1857 -4
88.88192 223.2839 -4.693886
186.8565 77.05289 -4
219.9709 181.9456 -4.170761
230.0852 264.7252 -5.402745
206.9027 240.303 -4.473971
110.0546 122.1927 -4
227.8498 65.914 -4.896148
142.8651 69.83035 -4
21.72888 48.90071 -5.947794
75.03292 104.9432 -4.833153
196.5417 259.008 -4.947754
16.07332 142.7351 -5.829102
107.5967 179.7006 -4.010248
242.4233 248.402 -5.304821
154.2758 46.47485 -5.027228
119.5225 244.0087 -4.508621
236.7426 41.213 -5.554788
136.0355 258.1171 -4.856557
78.4752 38.84243 -5.430367
149.6658 272.6706 -5.309907
243.4816 192.8222 -5.012674
215.7294 65.47079 -4.745759
67.10735 190.8659 -4.693363
151.324 122.3103 -4.600018
155.7197 197.6364 -2.103187
23.33077 85.98958 -5.774416
101.6222 127.2017 -4.112469
198.687 120.8095 -4
129.5645 85.37925 -4
244.5852 136.5209 -5.115124
281.1056 67.42591 -5.94181
104.4915 136.4649 -4.06012
117.2843 225.8574 -4.291163
103.2937 292.7683 -5.990676
165.244 106.368 -4.748222
163.593 181.3773 -2.12186
65.89649 279.9721 -5.841493
91.09613 28.92151 -5.81433
208.1029 273.8364 -5.736479
123.053 267.4016 -5.032169
64.61089 263.4676 -5.632993
51.6937 263.8769 -5.772789
202.9926 139.8995 -4
222.6665 125.1528 -4.311607
171.5818 151.8809 -3.608574
208.475 177.4684 -3.684657
60.41141 123.0631 -5.129135
256.9159 221.1838 -5.532582
37.15108 244.1868 -5.701778
114.5163 60.46758 -4.651106
258.0447 140.2706 -5.703898
24.97124 107.9847 -5.741294
253.848 112.7974 -5.402949
190.7656 56.90278 -4.803279
80.68981 73.98326 -4.57046
106.3893 253.5621 -4.795357
35.12093 152.4623 -5.185479
120.6347 136.7781 -4
82.61656 93.54479 -4.488252
121.6793 135.7682 -4
154.2741 47.68839 -4.98509
126.8999 292.1524 -5.992336
143.9839 276.972 -5.478403
118.8098 152.1403 -3.942723
231.8669 184.783 -4.587663
255.9968 233.719 -5.546077
82.71183 120.5051 -4.699044
259.0602 268.8404 -5.853674
219.413 259.2052 -5.198391
71.54852 220.6088 -4.902383
171.4077 156.3218 -3.454491
128.8573 206.5558 -3.633226
34.13556 34.09277 -5.929212
202.2204 225.0897 -4.188417
233.6897 228.3136 -5.067702
53.40813 232.4762 -5.3378
188.4665 172.1621 -3.311154
272.3265 99.32946 -5.860875
133.7911 161.5055 -3.369632
153.3439 234.1336 -4.1343
179.0998 213.4458 -3
108.9246 108.1875 -4
209.5506 39.25645 -5.652079
55.00329 274.4193 -5.918074
72.45185 40.76257 -5.367704
154.8551 36.75359 -5.600755
74.77993 140.7851 -4.701188
208.7668 88.07985 -4
256.6166 162.8288 -5.521497
105.6013 152.215 -4.093949
50.29523 73.54102 -5.2757
118.7656 279.8243 -5.468644
178.6611 217.3617 -2.998256
51.87637 227.7331 -5.345759
268.2109 223.8832 -5.774924
181.7992 64.50269 -4.285391
153.288 57.4948 -4.520128
189.4362 91.17665 -4
102.8574 167.2948 -4.080182
97.01126 220.0262 -4.544319
170.7384 90.58056 -4
21.36789 239.3147 -5.981987
210.7977 51.62838 -5.300741
269.5477 75.80563 -5.614537
233.2342 263.5913 -5.347659
70.84141 35.37658 -5.603688
239.1649 66.86862 -5.008846
72.80157 69.12013 -4.876613
94.06216 108.793 -4.255231
76.19142 98.31827 -4.740104
236.8188 190.4718 -4.771067
113.3812 69.32935 -4.401738
102.5898 130.7442 -4.096677
168.7235 268.7078 -5.093021
137.6778 259.6722 -4.894413
91.86396 132.0135 -4.451901
107.6402 173.7838 -4.01191
32.70641 242.5062 -5.779297
89.60218 150.0782 -4.366635
169.6084 89.39291 -4
151.1637 33.72846 -5.756038
88.65271 197.2747 -4.38383
159.6574 150.4473 -3.458893
24.3971 94.83891 -5.751207
112.8897 251.8586 -4.658062
211.838 232.4919 -4.489998
75.00384 215.2965 -4.791882
247.1834 124.4781 -5.250493
173.7379 184.634 -2.19901
274.1613 108.73 -5.98769
118.9065 229.1574 -4.301112
31.39413 206.9655 -5.570956
89.6569 244.6162 -4.993095
57.68396 190.0955 -4.848257
141.7683 121.2775 -4.3631
135.4172 66.24649 -4.323876
171.9436 114.0646 -4.048002
19.61709 188.4636 -5.734355
81.66155 234.1051 -4.941554
186.9123 279.3269 -5.796486
205.8246 246.3573 -4.557037
270.9323 39.93777 -5.839637
60.97936 44.93101 -5.339063
158.0968 204.7871 -2.553457
162.403 127.7451 -4.140124
23.39965 42.6433 -5.99097
22.54052 101.2143 -5.784572
16.34644 98.73945 -5.903564
124.4425 259.9371 -4.863145
21.89203 211.9611 -5.831916
70.20244 241.3829 -5.208195
104.3943 155.5797 -4.075805
78.47005 61.70944 -4.794118
175.0957 148.9564 -3.742355
122.3817 254.1443 -4.733454
112.6958 206.7739 -4.116044
221.5915 167.2328 -4.209104
116.277 142.4902 -4
50.06266 49.95893 -5.50931
38.67955 238.5394 -5.647078
247.1446 178.0247 -5.109068
175.1359 158.2843 -3.396879
213.0688 167.2761 -3.990623
91.41042 108.3986 -4.336019
178.4119 186.6886 -2.364875
163.1584 61.09908 -4.198617
170.9308 124.0612 -4
193.7532 178.6774 -3.292897
178.752 126.1955 -4
223.0559 246.1526 -4.861418
42.07848 139.9027 -5.222721
245.8746 60.87513 -5.197292
123.3748 194.6221 -3.487101
160.8911 153.3011 -3.387445
108.6701 126.0166 -4
179.867 131.8962 -4
141.3176 197.7763 -2.8039
130.4815 157.3719 -3.561943
207.9323 243.8062 -4.548053
229.7696 122.3737 -4.574526
199.3284 85.41373 -4
132.5593 106.1678 -4.718232
231.3428 205.7279 -4.696784
172.5445 133.4289 -4
273.0231 68.74849 -5.701814
94.29819 110.7216 -4.265254
110.5446 208.833 -4.180132
228.5979 106.6629 -4.540662
116.6389 85.44745 -4
89.06212 29.34726 -5.802708
111.3544 287.9954 -5.800912
196.3354 37.77648 -5.792594
70.31967 233.3407 -5.079811
68.57563 171.2267 -4.550268
194.4564 162.4687 -3.660494
51.5775 86.06383 -5.235402
33.41662 170.1729 -5.115617
29.70992 222.9312 -5.748487
84.02047 209.7432 -4.583292
163.6934 172.653 -2.643818
192.338 274.8418 -5.619116
258.9041 43.24672 -5.553577
186.8801 47.24575 -5.341765
248.6013 128.4275 -5.306474
143.5206 215.7767 -3.527679
128.5618 75.27705 -4
155.2789 286.0803 -5.849195
187.5055 182.9918 -3.055377
180.9902 150.7556 -3.67572
154.3587 184.4707 -1.647802
130.4446 164.8434 -3.324851
200.9354 106.0444 -4
256.8123 187.4736 -5.363483
202.8446 265.9173 -5.323621
255.3919 32.14012 -5.771226
22.62914 120.2112 -5.764976
126.5678 91.43947 -4.152866
231.5223 139.9673 -4.613762
77.99297 55.08403 -4.892466
206.5562 235.1536 -4.383437
43.19102 268.5841 -5.931618
251.2733 107.8506 -5.287452
280.4343 66.9862 -5.925645
252.899 70.27073 -5.116401
139.2412 286.2197 -5.791445
106.0082 145.721 -4.051827
85.59739 220.1736 -4.690205
160.079 190.7107 -1
45.92487 254.3767 -5.6681
250.509 270.2875 -5.742689
100.1914 24.0111 -6
268.2076 219.9015 -5.764486
18.21948 144.3166 -5.737788
59.12213 166.6648 -4.682055
194.4091 241.3094 -4.294003
66.45929 224.707 -5.036219
264.9689 113.5289 -5.745488
65.92904 147.9653 -4.75573
207.8441 141.495 -4
206.9303 92.71041 -4
245.3616 188.6836 -5.062148
102.4771 218.4601 -4.445781
18.44206 155.9535 -5.750747
83.53241 70.61902 -4.524651
232.7059 127.9569 -4.673769
176.9026 57.21996 -4.604941
241.0542 196.4424 -4.927933
65.85519 182.1346 -4.631115
265.9929 197.5783 -5.605077
233.1997 148.0821 -4.663548
197.5511 277.0737 -5.779668
198.5951 85.01337 -4
192.8746 123.635 -4
73.81602 77.13636 -4.744049
261.8348 155.0113 -5.798961
239.9165 73.14645 -4.802237
65.86992 241.7095 -5.268329
58.4107 156.8972 -4.76974
71.91734 126.6679 -4.90639
76.89473 62.88314 -4.828213
206.1378 218.0983 -4.185867
62.66726 268.859 -5.744628
186.8377 154.4898 -3.662741
93.01906 134.2245 -4.42408
196.4786 183.3553 -3.27045
208.0583 159.1996 -4
179.6095 62.42917 -4.333602
35.43633 33.26665 -5.919481
45.47026 123.0257 -5.36772
54.11058 50.85229 -5.424689
146.8882 31.24759 -5.868695
67.01816 274.4098 -5.7615
264.3747 89.31041 -5.538422
94.35934 251.6758 -5.010827
267.2081 239.4162 -5.794481
22.62699 204.7391 -5.730809
69.41963 123.5775 -4.980158
172.7555 121.5166 -4
192.5979 208.5105 -3.316779
129.5533 291.3332 -5.96124
237.4966 224.5101 -5.136674
41.9669 35.35463 -5.778447
274.1673 232.0518 -5.920286
41.68058 44.19698 -5.713167
206.2819 197.0483 -3.60712
75.17011 120.7914 -4.923285
250.2178 244.3177 -5.453865
71.1307 94.60394 -4.876704
218.6971 144.1287 -4.138325
130.9505 112.3858 -4.387971
248.6278 179.5076 -5.1481
24.30105 208.8722 -5.744182
104.5545 250.5704 -4.800586
69.58453 272.6067 -5.694352
32.37099 50.62916 -5.777245
231.3832 163.7854 -4.573148
198.836 128.163 -4
142.9957 71.30631 -4
124.198 283.3026 -5.620035
258.9001 154.6234 -5.690821
33.32686 56.25765 -5.703284
189.0095 67.37148 -4.289748
258.6831 36.80506 -5.680755
152.5186 236.3899 -4.208872
247.9901 154.7971 -5.234602
215.8031 69.75428 -4.596484
153.2437 197.9964 -2.207064
61.10768 150.1613 -4.80501
275.5603 202.9339 -5.856849
166.3513 270.734 -5.17387
179.9309 66.5553 -4.186126
120.2869 49.52781 -4.956011
196.7478 231.5099 -4.168894
254.2072 236.4145 -5.515813
45.14542 134.1442 -5.241757
177.8228 146.0119 -3.851409
150.02 93.51951 -4.778073
152.7 137.3717 -3.908764
202.967 228.5993 -4.223305
140.6978 268.6664 -5.161548
198.2187 50.43722 -5.298351
127.4058 226.8773 -4.164088
43.5813 229.364 -5.511907
220.5817 232.4815 -4.737824
146.3731 237.1752 -4.30656
223.5884 219.1401 -4.685489
116.1989 39.30659 -5.348083
69.86752 259.7826 -5.502845
101.4936 73.24183 -4.299294
159.876 273.4609 -5.262883
221.8481 90.51093 -4.273445
199.2989 259.8551 -5.012697
38.94584 218.6244 -5.548584
115.6966 50.88426 -4.920809
117.4221 132.756 -4
211.7081 109.2488 -4
215.6317 180.7176 -4.02135
89.00601 184.7524 -4.264055
231.6358 192.0314 -4.593754
31.03672 56.49966 -5.733408
20.66869 137.738 -5.61719
264.0508 233.8002 -5.71408
234.7388 32.61266 -5.727823
243.172 180.2013 -5.004526
219.2416 82.98619 -4.1769
194.7275 170.957 -3.482908
223.2073 104.8901 -4.341012
100.7902 121.4946 -4.114221
240.4179 221.7888 -5.190448
219.5036 232.127 -4.705876
83.20332 244.3846 -5.077299
73.85954 77.62835 -4.736495
101.2056 89.70652 -4
52.40799 60.94054 -5.378727
101.682 211.6903 -4.364759
161.6597 128.2172 -4.181821
152.1775 169.9207 -2.59747
237.3759 254.2057 -5.217288
202.3796 193.1179 -3.373507
21.37304 216.4477 -5.878884
47.95341 34.49714 -5.715838
37.93357 119.6714 -5.527408
254.5665 40.8052 -5.599568
216.3047 173.535 -4.021338
238.5446 214.6644 -5.068496
129.1091 88.61303 -4
107.8369 38.20857 -5.399625
39.21384 191.0869 -5.216891
77.05091 275.6592 -5.582134
166.5835 64.8129 -4.052817
63.36814 69.2222 -5.103916
103.3507 277.1432 -5.338941
33.48168 212.5681 -5.592943
187.2534 58.61378 -4.65711
64.53386 268.02 -5.705813
250.0727 157.6316 -5.321867
180.0537 258.7406 -4.768661
241.07 70.16215 -4.923253
260.8946 35.92018 -5.69939
25.42471 144.4172 -5.434915
31.1714 220.9638 -5.711646
157.6719 160.542 -3.090502
19.19838 222.6787 -5.948584
30.13925 85.3029 -5.644722
193.4264 229.4623 -4.082799
173.3808 276.489 -5.529275
269.6362 114.0289 -5.890709
115.5982 287.8983 -5.80178
196.2238 226.8196 -4.083154
174.5648 193.9818 -1.998231
174.5648 193.9818 -2.000977
38.6534 123.3713 -5.472296
225.8888 179.5728 -4.366252
41.06103 70.22556 -5.44314
245.7464 236.4184 -5.339556
233.7688 164.8685 -4.658904
208.3675 248.7261 -4.63619
271.3332 203.7132 -5.745611
179.1698 271.4267 -5.326023
155.6004 264.5712 -5.010389
173.3409 228.7084 -3.556227
106.6793 171.7959 -4.025888
185.6076 97.9385 -4
255.8981 228.4122 -5.5302
31.1891 48.60842 -5.81578
254.1447 45.4034 -5.508484
104.2749 260.9674 -4.912436
197.2192 50.72554 -5.2665
59.67073 255.6928 -5.560721
105.3035 124.6905 -4
218.1225 214.2973 -4.424395
235.0441 214.2894 -4.972029
125.3634 226.9619 -4.160199
154.9168 81.57585 -4
77.97276 76.05529 -4.628664
193.4105 87.78652 -4
107.6286 163.0522 -4.016171
192.0268 250.6168 -4.542315
144.555 234.8656 -4.262834
103.8081 208.6079 -4.292187
65.57685 261.8148 -5.593697
127.9166 196.4143 -3.36603
236.4653 241.4469 -5.162246
24.62831 61.95534 -5.766503
45.61023 238.9876 -5.516415
32.07934 114.3825 -5.652086
38.98789 181.8771 -5.11266
209.3435 239.7921 -4.503938
166.1527 165.202 -3.067712
139.9109 281.4641 -5.622093
16.01459 165.9825 -5.872526
61.47056 220.0809 -5.087412
265.2764 197.8601 -5.586222
101.8485 65.91479 -4.505867
189.9449 126.0152 -4
123.4013 245.7023 -4.555681
41.67164 146.3966 -5.152611
210.5725 214.2426 -4.217401
120.8897 29.22581 -5.744206
275.6348 53.40621 -5.881636
185.8185 105.2526 -4
247.6154 99.78107 -5.124904
61.77172 251.5871 -5.472227
180.6202 156.1869 -3.497796
176.2946 106.7978 -4
259.188 170.2027 -5.545821
97.5894 115.3865 -4.191397
118.3733 71.52836 -4.316989
231.9669 272.1907 -5.659561
143.1513 86.62319 -4.09496
141.8653 134.2067 -4
94.4691 83.07263 -4.028171
94.4691 83.07263 -4.029706
130.1012 202.1284 -3.452941
205.3155 269.1979 -5.49778
63.47006 104.1459 -5.10229
267.891 250.5876 -5.837802
121.9563 286.8047 -5.763531
258.0615 128.1352 -5.646828
22.63228 156.2369 -5.56698
210.3852 164.3037 -3.992408
239.5228 121.2025 -4.931824
64.02288 36.9357 -5.559079
141.177 190.7639 -2.574157
61.32072 72.94747 -5.114161
24.42586 42.16475 -5.981437
193.6592 227.4092 -4.052538
119.1095 146.4072 -4
113.568 196.1738 -3.910701
100.731 228.0564 -4.603066
239.0795 58.2623 -5.198073
50.20743 207.1418 -5.173457
36.21452 77.80706 -5.531221
71.22404 167.6394 -4.515206
154.6446 246.1251 -4.456602
170.4447 232.453 -3.755549
147.7768 79.00883 -4
109.9527 74.4514 -4.259468
215.2144 271.3984 -5.702676
223.6776 135.5961 -4.33383
99.82222 188.4488 -4.113852
48.66462 82.7175 -5.292067
48.9425 86.35164 -5.285589
55.40473 35.65392 -5.642034
38.93099 178.2758 -5.071235
268.9633 101.9851 -5.779078
193.917 226.3794 -4.039581
160.4679 95.02487 -4.509611
87.13651 104.7042 -4.438422
126.5434 268.649 -5.093938
25.71242 185.6317 -5.465551
268.795 261.7918 -5.88644
61.59173 107.071 -5.144551
78.77457 90.78856 -4.592482
247.7947 78.88201 -5.010602
35.55288 146.9917 -5.243119
74.57097 87.39592 -4.703405
118.4828 247.7868 -4.586553
130.6345 27.71351 -5.909617
84.50516 51.29453 -4.930191
95.6835 259.4954 -5.063839
267.0025 177.1911 -5.774152
247.8277 163.5608 -5.178671
239.683 222.6019 -5.177254
21.60736 225.9987 -5.917421
175.1889 254.0358 -4.517616
50.58222 242.9315 -5.438996
76.1681 76.85502 -4.674593
223.7457 220.4258 -4.719555
243.5221 138.0621 -5.065498
93.92583 239.1336 -4.859922
271.3631 252.3663 -5.914768
132.5317 253.7604 -4.753566
211.1498 257.0052 -5.010996
121.6178 52.49319 -4.871417
91.97765 158.4425 -4.234581
60.54334 181.0047 -4.711749
245.5789 255.2315 -5.389278
272.3979 213.7761 -5.835831
17.25989 205.2032 -5.851713
17.25989 205.2032 -5.855233
151.8388 267.6531 -5.134984
154.5828 220.5293 -3.534124
24.57599 138.0278 -5.523803
227.1462 152.6195 -4.434945
153.9644 47.88508 -4.979746
197.9993 55.59962 -4.973693
210.9054 241.9179 -4.563639
214.3407 231.9417 -4.558795
148.4414 84.30269 -4
156.9848 286.3825 -5.880073
20.33892 133.2708 -5.647445
106.3221 282.8773 -5.581581
272.3342 227.8465 -5.871146
45.91028 169.1666 -4.862844
73.30518 120.4169 -4.95631
156.749 246.0011 -4.417736
174.8184 49.19028 -5.053516
82.98989 92.09522 -4.463931
89.51678 154.2895 -4.319905
17.09778 156.2877 -5.810533
88.75478 206.5632 -4.471233
181.6943 261.5093 -4.90397
133.7626 175.7269 -3.009132
143.2726 241.5692 -4.470068
103.2078 80.294 -4.071693
203.3628 102.4242 -4
106.6866 70.80978 -4.364451
135.6365 61.08409 -4.619511
176.764 284.9061 -5.986066
79.59321 86.97764 -4.533924
75.79238 207.6941 -4.705326
23.20109 224.2936 -5.87923
134.4254 195.0519 -3.071223
246.3572 274.1367 -5.75355
186.3602 218.3612 -3.337566
239.3954 162.161 -4.869203
138.2011 79.7209 -4
140.2145 177.172 -2.604521
76.53499 28.98921 -5.858808
76.24692 51.86269 -4.987278
203.7631 75.1492 -4.231709
266.7342 255.9989 -5.827794
152.3955 101.8838 -5.813969
43.63487 228.9835 -5.509168
208.0042 255.712 -4.92307
270.1874 35.21458 -5.85074
171.023 102.1781 -4.051328
99.22162 117.8141 -4.148988
89.11795 225.2125 -4.718847
173.1605 141.8714 -3.972264
96.46921 158.188 -4.17154
59.14605 79.17849 -5.09321
134.1687 291.0001 -5.952692
235.4779 188.3788 -4.721403
166.8995 136.6676 -4
79.39573 76.36403 -4.580606
66.25137 285.4626 -5.904952
167.4589 83.82965 -4
203.8887 67.44819 -4.503839
53.58462 105.0547 -5.266058
13.90741 78.81042 -5.95655
265.9679 190.1462 -5.604944
66.90937 269.9755 -5.704077
216.96 38.70771 -5.611395
131.2133 120.533 -4
47.3796 263.6722 -5.809978
18.09738 123.9554 -5.793045
257.3885 135.3178 -5.680847
173.0937 126.3249 -4
123.2046 94.09511 -4.005652
203.085 92.38125 -4
131.9448 122.1469 -4
31.1121 46.75201 -5.83677
228.4761 28.62246 -5.803328
98.47754 259.2797 -5.008241
222.0208 29.60443 -5.824846
225.683 162.2093 -4.36669
48.36686 42.37543 -5.600947
128.2418 108.3902 -4.362007
184.4796 37.85813 -5.879703
139.0323 232.8304 -4.272312
127.4117 69.42548 -4.279576
48.9405 145.2444 -5.050345
98.7459 167.6543 -4.136604
169.358 270.2102 -5.174832
156.0142 214.7703 -3.223756
46.24738 59.83007 -5.48043
201.2903 111.5349 -4
33.17515 242.3817 -5.769763
198.6304 59.52905 -4.750729
144.1489 119.5924 -4.579274
88.78157 206.373 -4.468946
64.22487 140.0407 -4.872418
120.7292 285.5056 -5.707913
161.1284 237.3306 -4.104959
277.3581 232.6235 -5.98825
197.0334 44.43476 -5.60331
154.8543 171.3384 -2.490767
279.7781 62.03345 -5.940858
148.7939 219.1828 -3.584983
122.2556 51.56847 -4.897089
204.2855 55.41787 -5.070124
80.4204 51.46383 -4.928158
56.43048 118.4898 -5.246527
105.4081 272.5455 -5.149533
155.0507 87.03353 -4.022267
258.84 121.4052 -5.619434
84.44933 155.4293 -4.385029
33.87735 105.6193 -5.58749
225.3848 192.364 -4.385122
118.8495 238.3737 -4.396531
239.1089 190.2298 -4.855887
83.13802 246.851 -5.117076
118.1994 43.92521 -5.162669
99.15131 117.5123 -4.149938
166.5613 138.2681 -3.974988
72.83655 101.315 -4.875775
266.634 213.4529 -5.714909
33.57369 222.7291 -5.673608
12.95949 150.4286 -5.981115
69.79002 47.64941 -5.148847
127.8245 192.6621 -3.257326
95.1036 78.16619 -4.164594
55.81239 181.7576 -4.800453
65.70445 195.2211 -4.75933
226.3306 205.2737 -4.51612
257.8791 113.0085 -5.526705
265.0337 187.9681 -5.591095
88.38506 160.7242 -4.281778
79.18662 48.61 -5.013428
272.1575 87.31209 -5.764713
140.707 115.1964 -4.785098
49.93052 30.47011 -5.88193
194.3018 267.7055 -5.31286
209.0484 31.60772 -5.867261
30.4153 115.7858 -5.684715
270.5447 204.9068 -5.724861
60.63411 115.4736 -5.194078
112.9485 215.7936 -4.231534
55.74272 66.09746 -5.27456
273.9287 85.14794 -5.80199
62.75119 227.4085 -5.136108
247.2855 127.3578 -5.25011
124.2807 153.3424 -3.804024
212.9164 175.1673 -3.857822
221.7458 113.2664 -4.286882
251.1864 81.23142 -5.120932
215.9314 168.5758 -3.997284
215.9314 168.5758 -4.001352
224.0371 207.9428 -4.483052
150.0062 173.7246 -2.470844
169.18 73.21007 -4
64.61704 61.15419 -5.142836
215.5186 51.74789 -5.261853
151.3424 108.9614 -6
123.1468 250.7138 -4.662193
163.893 117.9651 -4.570126
31.16986 196.5421 -5.452323
191.7156 213.5743 -3.499074
55.01917 128.9127 -5.146087
195.3487 162.9413 -3.671075
265.7116 222.0064 -5.717966
215.5547 178.8612 -4.012929
63.33745 167.9715 -4.623569
26.01576 126.2012 -5.640347
97.64809 98.54786 -4.047996
256.3771 182.5537 -5.352029
161.281 184.5778 -1.314692
142.5013 166.5395 -3.034789
157.2485 127.901 -4.37259
208.2494 104.1706 -4
52.22874 81.8396 -5.224342
177.6752 195.1242 -2.169217
194.1751 174.0792 -3.402368
209.4461 159.3574 -4
197.8375 249.0049 -4.532328
101.9298 205.1242 -4.266536
65.88408 103.8252 -5.061898
135.5889 184.7864 -2.894071
259.9785 97.29874 -5.471309
149.8902 263.8676 -5.028367
69.2803 192.2572 -4.669296
61.93122 168.345 -4.642771
102.3945 35.60271 -5.508318
255.9905 155.2588 -5.573394
259.2857 61.36465 -5.359947
149.1389 187.0929 -2.055044
11.68912 103.7758 -5.990804
253.0463 78.8377 -5.160395
176.0545 241.881 -4.014626
228.221 148.9923 -4.479864
53.5544 120.4896 -5.268781
34.07001 81.42078 -5.570973
181.3423 36.90602 -5.912946
60.4799 150.2136 -4.814093
205.8966 245.4455 -4.543105
163.2551 131.7074 -4
66.95707 120.638 -5.053408
137.5554 284.1725 -5.709203
58.46305 74.41596 -5.149643
64.49044 248.3016 -5.391643
143.7737 147.8907 -3.577523
70.18939 180.5944 -4.541687
273.7263 52.53975 -5.833051
147.7217 48.55882 -4.964925
217.1986 185.6116 -4.089298
270.5398 176.5034 -5.916067
182.6178 73.50937 -4
142.8013 109.536 -5.526063
46.56939 255.0066 -5.672575
77.33286 148.6903 -4.571636
175.8594 101.8779 -4
207.4955 220.8734 -4.287136
232.2088 123.0763 -4.662484
138.9667 286.5672 -5.802755
218.8937 27.77989 -5.898845
241.5476 274.2468 -5.687865
68.21575 162.9679 -4.558374
55.97207 66.47143 -5.267245
148.9199 140.985 -3.789828
102.8085 234.5314 -4.653593
121.0725 273.8557 -5.256937
268.7105 105.7831 -5.800189
186.7191 112.4751 -4
158.6751 80.92103 -4
37.8953 77.08601 -5.499383
274.0886 237.8178 -5.933662
270.2934 233.1264 -5.84238
70.0974 164.0246 -4.532086
223.9727 50.18928 -5.24978
159.6072 148.4007 -3.524615
187.1288 186.8684 -2.905921
46.12733 274.1673 -6
228.8475 79.65682 -4.421602
228.8475 79.65682 -4.427775
88.92916 157.2608 -4.295064
20.06981 59.48095 -5.858135
63.98311 263.5198 -5.642422
109.6926 179.2355 -3.947469
188.8503 86.52567 -4
72.53807 189.1489 -4.583354
34.6857 147.5425 -5.250444
79.07107 55.43858 -4.854534
269.726 227.9441 -5.817062
256.2986 143.458 -5.62127
21.56119 99.75779 -5.80373
219.7263 218.1287 -4.55683
243.6157 172.6447 -5.016202
185.5881 277.9162 -5.713009
113.7067 249.2612 -4.608403
70.06955 56.47881 -5.07467
156.9983 257.4478 -4.732359
50.63855 49.07355 -5.505162
100.8184 164.9524 -4.109127
244.2012 234.9748 -5.303606
133.2366 236.3381 -4.382777
234.3394 199.6677 -4.708454
181.9361 131.6213 -4
199.3443 227.0895 -4.136716
107.361 107.2752 -4
191.5965 267.6915 -5.28332
239.3124 30.574 -5.793812
176.7416 109.6317 -4
261.5604 116.9061 -5.667786
208.5168 191.9915 -3.70344
272.8967 217.4431 -5.855773
178.2681 143.6506 -3.938867
72.62354 172.12 -4.494242
171.4511 182.449 -2.206381
26.24361 95.74471 -5.71568
90.83639 76.02643 -4.229769
90.83639 76.02643 -4.231558
123.8398 267.4215 -5.036615
94.91002 268.9935 -5.173787
83.3458 211.7306 -4.613988
268.5012 103.6642 -5.777797
188.0007 246.7651 -4.336345
91.40083 25.95663 -5.940359
223.1498 210.2384 -4.492036
69.21796 262.7933 -5.55921
276.7755 231.9543 -5.97437
131.2922 69.90552 -4.182167
50.43402 100.9933 -5.300636
29.13117 136.5205 -5.468978
45.19356 207.9012 -5.288939
109.8478 265.0492 -4.93179
122.5714 161.876 -3.563834
64.59827 125.7735 -5.030433
240.4717 182.9555 -4.906358
152.0189 86.53407 -4.138175
64.12259 169.2049 -4.612297
152.0141 38.9043 -5.426061
162.444 270.4442 -5.148798
216.8356 147.736 -4.064607
201.0613 34.25539 -5.854288
161.4127 280.9722 -5.646775
158.2097 85.02724 -4
92.44679 87.82121 -4.115114
92.44679 87.82121 -4.116838
105.0488 174.5636 -4.04726
108.6766 159.6152 -4.003068
203.2165 214.4109 -4.020866
261.0831 161.5511 -5.704787
67.23824 134.6627 -4.887317
125.4759 177.6988 -3.32952
168.5214 184.8292 -2.005112
75.82889 264.3106 -5.491813
170.6733 67.41178 -4.021184
235.967 135.2391 -4.782472
178.8596 54.93779 -4.764551
157.5489 287.5831 -5.945974
270.5579 233.6513 -5.849257
214.5678 42.47879 -5.525201
103.0145 219.8509 -4.455078
80.26083 147.5236 -4.539804
156.508 228.4867 -3.886448
222.0048 194.3375 -4.277953
174.9288 71.63751 -4
172.3132 179.13 -2.474207
188.3977 202.6907 -2.921243
239.7737 169.8884 -4.880506
17.74065 151.7223 -5.773329
131.4972 228.2626 -4.205146
201.7443 45.42671 -5.540385
125.7381 281.978 -5.573672
27.98615 127.0283 -5.599186
74.95188 227.281 -4.92722
173.2787 260.7917 -4.787663
177.2384 172.1914 -3.079428
110.7028 56.30758 -4.771088
242.3265 197.02 -4.975055
50.93867 266.4349 -5.82271
194.4396 168.1953 -3.536026
129.8689 127.276 -4
28.98161 238.1166 -5.830832
111.9628 167.9208 -3.870687
65.54416 119.4568 -5.08986
229.3684 22.68623 -5.960669
88.56406 184.6867 -4.270159
121.3005 217.764 -4.115073
265.7087 141.1191 -5.976922
63.40461 132.2475 -4.973978
117.8817 273.284 -5.2211
113.3576 105.5453 -4
238.1466 138.185 -4.857822
254.0671 139.679 -5.529024
139.3192 102.2209 -5.211769
234.2984 56.96858 -5.186601
262.2947 225.0425 -5.654689
40.58953 263.8276 -5.876501
40.72604 101.4429 -5.459671
151.3052 186.9296 -1.835681
70.85393 192.297 -4.642578
122.5295 179.3969 -3.443339
72.3506 184.0717 -4.537846
233.4116 263.1322 -5.330492
146.9991 257.5628 -4.875295
95.62857 203.4101 -4.322587
20.37912 129.781 -5.687965
39.45735 53.57662 -5.644431
37.4212 138.5303 -5.31314
183.5245 184.8273 -2.79789
128.3128 286.9248 -5.775903
265.046 83.34131 -5.52898
116.0348 36.46621 -5.461102
73.11814 38.43409 -5.465292
125.3293 47.36466 -5.019257
239.3457 70.39121 -4.892021
44.69174 136.1645 -5.22516
244.7846 101.0593 -5.051327
93.32069 82.41631 -4.072091
248.1994 150.5072 -5.251152
89.65929 115.2267 -4.449149
265.7035 163.9861 -5.856781
226.2489 149.3788 -4.407015
106.4845 286.9312 -5.750878
96.54935 196.0702 -4.236272
168.632 168.8237 -2.974853
72.40357 292.6408 -5.949563
219.0202 159.8589 -4.126145
33.66224 254.5435 -5.815221
271.276 264.1999 -5.959273
212.314 118.5637 -4
154.2885 164.9425 -2.820523
135.7454 46.29207 -5.052023
241.7587 243.1081 -5.276073
229.5201 130.1534 -4.554517
154.8956 281.9935 -5.638912
113.0225 149.5803 -4
138.7899 171.668 -2.917301
41.85932 113.0211 -5.488194
109.1366 223.2376 -4.39551
79.84205 194.5563 -4.509472
253.0807 200.7558 -5.265283
194.2358 85.53025 -4
252.6931 59.31602 -5.232805
221.3627 70.72681 -4.638917
172.372 149.4738 -3.70325
178.3064 192.6448 -2.078871
203.371 141.2181 -4
23.84983 68.68533 -5.770108
12.23668 78.65903 -5.988479
94.41274 283.3394 -5.587057
114.989 255.3752 -4.73916
85.08423 80.02607 -4.357872
218.0826 166.5167 -4.081628
39.65326 46.17738 -5.72091
185.0376 228.5545 -3.787493
77.33132 124.2687 -4.850291
209.9032 154.9101 -4
171.1773 48.21178 -5.064554
234.131 56.55527 -5.194321
254.9867 43.82933 -5.540027
181.1406 188.9395 -2.418192
12.59492 81.72251 -5.980652
110.3078 47.89796 -5.012278
71.33952 173.6284 -4.511329
20.56988 145.2488 -5.63622
107.3754 243.7557 -4.675749
272.5846 53.43808 -5.79427
265.1073 198.6603 -5.581772
98.56895 78.39028 -4.15594
256.5349 100.525 -5.3914
239.5325 190.8268 -4.871573
188.2438 173.3427 -3.280842
192.2464 194.184 -2.988731
68.67515 35.53991 -5.60374
70.18123 141.8005 -4.760506
56.56309 54.66421 -5.34793
139.4441 229.1047 -4.160818
184.3722 77.07181 -4
129.7164 160.8024 -3.46682
156.7351 32.61502 -5.89472
120.1913 93.06432 -4
30.11722 133.1229 -5.493335
237.179 147.4601 -4.809527
132.1257 112.8519 -4.414298
122.7544 68.05308 -4.431463
213.3888 114.9366 -4
53.87852 237.547 -5.351637
135.3791 285.2083 -5.73648
146.8353 209.8609 -3.163076
233.3146 256.6119 -5.178262
111.9947 151.2723 -4
245.3076 272.3784 -5.700093
96.95815 137.0923 -4.308441
181.32 135.9964 -4
66.13843 124.4489 -5.021507
206.4794 194.8444 -3.606624
236.6161 221.9516 -5.10933
140.2431 143.7242 -3.779203
140.0493 79.41316 -4
252.0747 193.0806 -5.238807
99.34128 273.9737 -5.202078
126.0836 172.9826 -3.310805
228.8493 52.80808 -5.232806
62.50514 219.9435 -5.063811
90.28832 190.8664 -4.294148
229.3001 269.9005 -5.590562
143.3933 218.2824 -3.655693
63.76278 148.1286 -4.787266
38.86047 216.4268 -5.524382
190.6918 78.25449 -4
143.3331 204.2906 -2.951296
35.75526 179.5999 -5.154361
222.6199 75.8175 -4.475746
205.513 279.8115 -5.990932
73.01107 26.37738 -5.98217
123.6332 91.05155 -4.024167
217.4891 33.34862 -5.755522
56.50365 206.0876 -5.027248
206.4385 39.32766 -5.673569
182.1937 175.4531 -3.110335
260.9385 259.5066 -5.718013
98.15928 291.1793 -5.918441
220.9876 86.20752 -4.21966
82.86347 247.1986 -5.126318
97.53426 97.75411 -4.044402
199.668 127.4613 -4
177.2173 59.79145 -4.457756
169.6371 49.53636 -4.962749
165.0449 84.15034 -4
36.19078 133.2494 -5.395038
38.78376 163.3 -4.99647
38.78376 163.3 -5.003649
172.643 177.1885 -2.623306
122.0788 243.078 -4.495843
219.3199 154.1258 -4.145879
215.3634 265.9342 -5.458173
217.6213 33.61105 -5.747273
128.7388 145.3147 -3.977644
155.4119 145.3491 -3.588278
130.695 290.4349 -5.925089
120.1324 135.5382 -4
36.05456 244.3636 -5.723566
235.8244 193.5283 -4.738957
51.55826 233.9975 -5.380067
270.9876 38.34379 -5.852145
107.546 267.3772 -4.975174
147.5314 256.1855 -4.835527
189.7702 239.4056 -4.189554
119.6314 222.8079 -4.210574
76.2922 38.32355 -5.4597
134.926 178.279 -2.938264
266.7812 234.8374 -5.773665
53.94146 58.06131 -5.371748
67.65609 254.2587 -5.446079
224.4054 216.5427 -4.647592
132.5929 88.3058 -4
265.8265 30.5362 -5.808347
50.84179 227.8706 -5.366185
239.1976 209.2266 -5.019306
193.3594 239.5511 -4.248435
161.4559 45.55213 -5.100469
150.0811 247.2913 -4.550188
80.7663 165.5629 -4.384735
268.7232 217.8419 -5.769864
100.9363 41.55189 -5.273306
42.81154 172.3471 -4.934019
191.2492 97.12683 -4
209.9932 211.1462 -4.129905
150.7887 36.39157 -5.576696
151.0491 173.9283 -2.431911
260.9854 263.9803 -5.785362
268.7468 194.4436 -5.677548
53.61423 198.5694 -4.998434
53.61423 198.5694 -5.001931
202.5528 55.30583 -5.05323
264.5704 113.9552 -5.736643
124.1323 49.85697 -4.944136
184.2359 207.4124 -2.98184
98.89961 222.6375 -4.558357
213.0753 188.0571 -3.932619
245.459 131.116 -5.162958
155.6699 118.6841 -5.056444
162.2672 161.9537 -3.11608
231.8699 246.4439 -5.081736
36.00431 248.7258 -5.744178
22.6036 196.0934 -5.628954
196.5041 113.8818 -4
62.16962 47.29285 -5.297821
208.2134 257.8308 -5.0168
68.09115 291.2226 -5.944502
266.3412 188.6966 -5.633709
57.79529 39.50518 -5.469262
181.8084 223.8502 -3.362037
97.12041 160.3726 -4.161747
77.67779 135.8269 -4.713079
137.4354 185.6922 -2.770971
237.9252 221.4666 -5.134726
56.371 276.322 -5.937043
217.0069 36.77262 -5.664524
265.299 47.49935 -5.626834
103.8098 207.3944 -4.27574
35.34295 266.64 -5.972965
33.5703 231.5649 -5.713474
241.341 97.87685 -4.928637
204.667 86.3534 -4
41.37359 157.325 -5.028466
222.6849 118.2127 -4.321665
63.0565 115.494 -5.154931
53.52446 84.65409 -5.198707
61.85237 199.7461 -4.869106
233.8494 119.4362 -4.727416
208.429 32.00111 -5.861057
33.62966 92.95911 -5.575644
78.57551 62.16209 -4.785137
196.345 120.2184 -4
25.58171 209.7909 -5.727858
162.516 269.5324 -5.119293
109.1583 239.5056 -4.597431
207.0391 109.9624 -4
140.8714 60.35757 -4.57306
171.5095 210.4719 -2.955517
232.5801 180.5195 -4.614077
200.1596 232.1145 -4.232569
219.8741 136.9725 -4.192374
50.79566 95.22089 -5.27141
207.7475 51.66024 -5.322851
259.308 249.4567 -5.656044
145.9847 236.729 -4.298568
79.7609 36.12056 -5.542793
190.2349 69.8842 -4.219407
108.3688 120.1456 -4
23.6016 152.1571 -5.516366
226.1403 106.4916 -4.449641
214.7847 173.1147 -3.949493
254.7469 121.2334 -5.494098
243.8748 240.8981 -5.313405
261.2355 147.251 -5.833115
224.6039 41.30112 -5.482101
244.7555 205.0039 -5.101368
166.9246 137.6909 -3.999728
166.9246 137.6909 -4.000283
99.63257 274.3083 -5.216375
158.9542 160.2472 -3.121104
46.92602 246.466 -5.526279
275.3667 87.35243 -5.862267
111.5821 289.5829 -5.867399
109.7613 167.9332 -3.957098
63.36767 152.5366 -4.743066
110.6413 279.4413 -5.443255
104.0776 218.3097 -4.416452
206.7575 166.4345 -3.861594
67.07266 107.4006 -5.057125
215.9394 233.0049 -4.608273
260.013 225.6256 -5.60867
245.1268 268.8558 -5.624635
230.6904 108.6249 -4.618165
123.5337 213.9207 -4.025885
193.6692 232.9456 -4.14417
113.2073 48.13499 -4.999418
113.2073 48.13499 -5.000413
