166.8906 226.0497 -5
105.7634 207.5393 -3.658004
27.07209 129.5141 -5.413139
49.22867 103.1445 -4.585462
56.98341 32.05315 -5.834651
225.5909 164.8659 -3.887806
79.13137 50.20398 -5.441615
242.6514 173.0839 -4.583581
171.538 196.2505 -4.408754
103.7163 153.5854 -2.014192
209.8931 149.3738 -3
232.4734 91.55717 -4.330053
278.7731 162.0944 -5.31951
209.1535 102.5572 -3.346616
235.7034 268.0855 -5.825565
22.09255 277.8268 -5.884171
250.2216 164.985 -4.693015
217.9392 72.20825 -4.070667
184.995 61.43374 -4.103668
149.6044 163.7603 -4
35.16489 76.04874 -5.350344
174.3548 32.85656 -5.447759
236.6984 168.897 -4.330898
273.033 93.51125 -5.671768
47.99321 101.5042 -4.620981
72.18313 196.476 -3.703246
174.7814 82.29693 -2.300341
243.5786 205.7513 -4.67702
85.37806 225.336 -4.067088
90.23858 105.5054 -3
78.22797 242.8678 -4.522369
127.455 114.7791 -4
226.8185 70.03316 -4.303005
148.9048 139.0892 -4
157.2205 39.58154 -5.319769
16.50537 118.038 -5.701767
138.5419 197.4605 -4.519399
184.4739 150.4483 -3
278.7649 129.7093 -5.638601
144.2518 268.661 -5.824082
18.66 100.7343 -5.633715
62.34836 116.117 -4.275756
232.2173 97.78222 -4.395603
119.4266 32.40681 -5.90224
97.82036 127.3646 -2.445305
107.3744 110.3845 -3
285.6902 185.0685 -5.575401
138.161 70.39304 -4.262837
212.4345 127.3209 -3.25903
117.7981 250.6466 -4.892193
97.90336 252.5428 -4.760056
102.2621 60.97548 -5.242059
258.1039 27.29992 -5.861981
28.39009 39.64705 -5.764091
151.3445 37.25106 -5.492082
224.0963 101.381 -4.170193
229.4861 224.9209 -4.902583
39.04497 153.4344 -5.12116
271.2586 66.05848 -5.614551
168.9793 26.57075 -5.661134
63.90565 44.97782 -5.521207
206.6335 192.1484 -3.683953
252.6109 93.14421 -5.092841
236.992 52.6597 -5.093035
116.2868 180.0706 -3.624614
117.4341 92.21728 -4.172187
253.6335 139.9543 -4.63738
265.8003 221.7768 -5.535559
96.75012 217.0743 -3.886346
160.8851 42.7969 -5.196998
56.85394 131.9044 -4.519474
238.4997 170.5243 -4.412626
133.8534 90.96941 -4.144485
202.8006 48.73967 -4.692662
199.0438 86.63374 -2.716679
76.98736 264.0945 -5.126138
195.4862 108.2927 -2.022533
127.4059 214.0597 -4.631718
177.8248 93.52802 -1.82981
84.31394 119.1411 -3.333827
290.5853 167.9295 -5.892657
12.13422 139.8673 -5.924384
138.0718 141.1194 -4
123.1993 136.1885 -3.677742
172.0433 259.1514 -5.63347
192.7499 277.5248 -5.883126
45.9739 167.9137 -4.923793
131.9848 157.11 -4
202.9104 180.1365 -3.208993
104.6468 209.4609 -3.665424
235.3025 117.1276 -4.419518
39.94351 232.3672 -5.24226
259.749 128.9688 -4.949083
179.525 206.4205 -4.679732
101.5764 230.4641 -4.284335
153.7634 58.92495 -4.545518
184.9305 229.3154 -5.172341
255.0742 274.3165 -6
202.6221 235.054 -5.129657
91.95201 253.5511 -4.790295
232.821 204.4427 -4.394975
174.7508 161.8198 -3.35178
261.959 84.43583 -5.344778
39.46297 247.3952 -5.21715
175.9798 123.4527 -2.91972
244.2489 92.04619 -4.777573
74.4011 229.1897 -4.204586
170.9995 106.3501 -2.77738
101.8986 100.0054 -3
99.76278 39.87225 -5.711118
70.98543 27.14424 -5.960592
290.7174 206.6447 -5.804049
165.046 185.4776 -4.246132
153.5321 117.4437 -3.850839
187.7101 111.8456 -1.974275
214.4403 83.43734 -3.534036
133.5239 41.64058 -5.619007
257.3701 129.4403 -4.877023
159.3226 149.6207 -3.88509
71.19042 191.9101 -3.678602
21.33449 225.1327 -5.938739
94.67677 67.17861 -5.081581
28.25723 148.3342 -5.449907
232.9622 96.09661 -4.400166
107.05 44.59745 -5.614338
82.09786 46.76106 -5.532962
116.9963 242.3221 -4.703418
238.7662 105.7477 -4.63983
36.08846 168.8225 -5.267648
238.4792 242.766 -5.479896
276.6978 45.45622 -5.901921
77.79116 219.9351 -4
172.8329 59.28501 -4.274411
213.4468 226.2739 -4.858946
93.52096 193.1436 -3
183.036 122.6086 -2.459123
117.3718 149.9358 -3.582545
62.78574 36.50894 -5.720701
23.68839 198.0026 -5.828497
32.34066 85.29046 -5.246291
236.5979 171.2125 -4.36152
276.3261 71.32745 -5.732203
114.1143 101.7737 -3.713787
60.91012 152.3653 -4.158942
212.2007 28.04679 -5.557093
185.3666 86.8329 -1.705502
123.8319 177.3572 -4
108.637 54.15537 -5.402453
250.8936 50.06633 -5.340556
170.1014 256.9205 -5.622235
245.2315 110.3021 -4.788092
48.21251 102.7506 -4.618559
101.9759 37.77384 -5.760776
243.7899 142.5686 -4.333811
186.0003 210.1024 -4.744345
13.72982 104.9047 -5.803297
291.5694 210.6071 -5.865025
212.8458 226.1359 -4.864751
153.0326 222.7263 -5
98.12012 108.8139 -3
136.6558 103.9125 -4
81.08237 224.6 -4.066603
158.9977 160.7392 -3.998174
158.9977 160.7392 -4.001212
38.47277 94.21349 -4.923936
208.7474 274.4663 -5.842365
221.9132 120.0885 -3.935797
191.2553 207.6311 -4.576057
186.1317 64.17603 -4.01742
50.18647 62.69785 -5.187952
214.4841 32.65893 -5.373566
121.1916 238.9648 -4.679741
248.4315 257.4037 -5.905495
14.10307 116.2728 -5.770579
66.14705 79.92843 -4.434573
123.8584 228.4374 -4.633173
52.70732 119.2955 -4.533547
252.8501 124.6897 -4.813168
129.6862 169.8285 -4
90.5863 192.7557 -3
233.418 28.77485 -5.546563
67.49291 97.60716 -4.004616
82.56102 146.4092 -2.587738
56.47647 276.7746 -5.657247
167.1605 158.846 -3.641629
249.4864 210.6598 -4.879151
112.7109 195.8521 -3.704084
119.2182 163.6592 -3.854533
165.6265 264.266 -5.74618
247.0618 20.80246 -5.879354
254.7836 139.3971 -4.676478
242.5313 100.2387 -4.765429
223.0465 125.2579 -3.907491
150.3493 181.3011 -4.194962
184.4349 236.0389 -5.257233
254.0181 219.7332 -5.223436
220.9266 219.6181 -4.608911
94.13232 134.7299 -1.85753
166.4129 41.19147 -5.224273
126.6332 82.56426 -4.413982
292.8268 183.6537 -5.857199
198.7684 240.7925 -5.226687
215.085 52.02327 -4.656851
92.27069 144.746 -1.470402
267.9232 195.4863 -5.328068
206.6214 251.9135 -5.359287
88.9784 32.34501 -5.866297
75.86426 226.0087 -4.121726
283.7516 193.2281 -5.613626
239.6097 160.6393 -4.303808
151.5468 95.49444 -3.557251
160.4225 140.608 -3.751375
254.2228 142.1782 -4.625656
250.8837 25.30357 -5.792889
128.6132 153.0157 -4
29.26102 266.1724 -5.607911
225.3589 32.33428 -5.396242
216.4591 106.751 -3.852211
200.0817 90.47803 -2.557644
241.507 54.64211 -5.121812
73.49423 143.507 -3.486993
144.9059 58.14164 -4.79265
49.88642 132.5189 -4.749612
266.7782 166.7677 -5.116279
251.3347 197.5344 -4.958481
224.8547 83.57828 -3.971885
44.97158 87.3147 -4.892873
21.51373 204.2337 -5.937582
30.39342 137.9706 -5.341824
149.5733 45.824 -5.227376
47.75203 122.4426 -4.714332
140.3204 94.31026 -3.992693
33.75723 32.77416 -5.84287
135.9578 84.43662 -4.170849
194.6848 23.06263 -5.742118
30.54762 103.2306 -5.205645
117.1813 89.60645 -4.273458
81.86451 164.1725 -2.979113
52.00455 58.59861 -5.188422
232.842 36.06902 -5.336443
178.9524 230.514 -5.172745
185.1147 224.0021 -5.065157
240.8531 233.1174 -5.366673
214.2744 107.4457 -3.703738
205.8281 218.295 -4.710033
18.85416 107.3662 -5.595105
203.1821 86.084 -3.115948
28.32608 111.3967 -5.305896
103.8602 170.9882 -2.263036
66.41076 221.4469 -4.149552
231.6514 104.204 -4.429811
65.54695 219.5705 -4.185544
228.4467 196.655 -4.155477
205.6966 77.03898 -3.607413
152.3233 134.8396 -4
95.04184 46.16153 -5.564626
37.93321 183.7594 -5.268666
149.9228 119.0432 -4
147.9491 101.4167 -3.813493
241.6064 238.1817 -5.468581
226.0118 39.71411 -5.171506
71.39005 117.9958 -4.092033
102.037 191.5457 -3.015061
227.423 42.10882 -5.148066
170.9907 182.9146 -4.074065
167.8238 101.2654 -2.922602
137.109 191.6154 -4.325933
165.5077 247.8864 -5.505248
211.0866 168.5349 -3.202338
80.08806 208.4301 -3.838165
164.413 234.0321 -5.060664
40.93943 260.1411 -5.322939
95.47164 125.2188 -2.445819
191.1548 216.3554 -4.899783
39.52226 121.607 -4.991951
69.45968 145.7229 -3.709052
192.2664 205.2568 -4.47145
177.9596 238.7657 -5.341512
148.335 244.07 -5.126621
57.08751 276.0401 -5.626749
242.3098 183.5202 -4.649857
62.47503 216.152 -4.31354
114.6695 211.5828 -4.151314
163.6736 123.1275 -3.436216
260.9561 112.7864 -5.252031
102.3398 228.2471 -4.243882
239.173 105.6625 -4.653526
145.94 147.7274 -4
47.63773 204.9632 -4.931761
29.72826 235.2175 -5.605473
202.3884 122.9622 -2.721926
139.1266 132.8283 -4
36.16943 59.30221 -5.51566
252.6158 121.5476 -4.847327
50.20868 282.8339 -5.907126
182.1868 212.3512 -4.85641
215.3359 87.89163 -3.521318
250.5668 107.26 -4.975383
173.4673 60.78737 -4.178625
209.6029 263.184 -5.603615
190.8071 129.1051 -2.329415
184.3323 35.69995 -5.321472
129.4218 162.8948 -4
196.929 164.5357 -3
159.7039 219.009 -5
251.4574 108.9461 -4.978259
39.16689 205.8396 -5.273325
95.0898 151.9625 -1
163.8419 276.1384 -5.902926
87.58494 144.7773 -2.134228
101.0858 252.7733 -4.763867
245.5302 277.6066 -6
138.5734 257.7177 -5.399986
211.1701 210.3988 -4.332632
30.47503 213.092 -5.620999
213.8084 214.0927 -4.417445
171.9059 281.756 -5.941473
228.2282 48.00621 -5.051898
206.0764 115.5968 -3.055802
80.0881 202.0213 -3.646404
154.216 255.5775 -5.57138
181.5036 246.0415 -5.402402
272.2119 239.5293 -6
169.6468 119.1607 -3.127092
258.4866 146.7451 -4.68642
110.9766 196.9536 -3.643687
119.6923 102.2149 -4
214.191 52.76424 -4.619728
285.0831 74.42629 -5.980293
131.1518 37.25799 -5.806329
120.1437 223.1754 -4.472054
228.8571 155.69 -3.849529
253.5044 175.7176 -4.961327
176.7397 142.8892 -3.203603
169.5531 110.2133 -3.013261
274.4593 97.80171 -5.720785
173.7865 175.0766 -3.765781
122.3418 212.7724 -4.435333
184.3747 222.0471 -5
169.4987 245.1785 -5.482197
163.6053 70.34179 -3.651895
247.301 39.5304 -5.481353
160.4469 263.3985 -5.777207
189.7154 157.6852 -3
45.80764 262.4188 -5.299037
137.5409 192.5536 -4.35968
17.11008 51.66092 -5.972579
87.36332 260.1029 -4.963487
200.81 81.70141 -3.183643
191.0996 205.1318 -4.486414
173.3947 177.0575 -3.844876
206.8428 181.4496 -3.187163
269.9438 198.3601 -5.369013
79.73004 166.9138 -3.171264
245.9406 243.0503 -5.630141
138.9283 269.617 -5.766324
137.1698 83.84006 -4.145527
210.3224 18.15423 -5.953409
228.4521 122.5176 -4.150383
120.526 113.1173 -3.939133
123.6098 75.9971 -4.537387
131.6104 57.23233 -5.112412
164.8317 199.817 -4.592634
73.96726 274.3267 -5.57723
270.0317 39.1241 -5.824371
205.4641 47.04809 -4.777076
156.1363 241.5404 -5.166928
104.6206 107.1104 -3
80.36308 124.7681 -3.615305
163.8909 196.0842 -4.492777
124.766 179.5353 -4
164.6653 19.95728 -5.880339
120.3111 223.5887 -4.479615
196.999 209.6991 -4.556023
186.8106 205.9504 -4.588596
281.7479 158.9926 -5.508958
97.41531 113.4186 -3
87.2875 46.75609 -5.541819
267.6638 178.5033 -5.23023
64.99917 283.1401 -5.9409
114.9174 185.7902 -3.531072
278.5124 75.82805 -5.796454
134.6209 258.1494 -5.349509
76.55126 112.9858 -3.800677
227.0419 247.0853 -5.324692
40.39065 203.1571 -5.224374
267.4566 111.0829 -5.517641
46.04711 249.1028 -5.081596
258.8565 160.5402 -4.881026
244.0662 141.0075 -4.360737
231.6707 243.4527 -5.357741
259.2014 154.0856 -4.789075
197.9437 121.2816 -2.471224
234.7427 227.6448 -5.080407
42.38783 203.794 -5.144487
218.7117 229.3388 -4.874392
110.7808 185.1264 -3.289732
147.9177 41.15957 -5.413142
214.9102 178.2313 -3.476887
134.8945 130.8394 -4
69.98987 235.2823 -4.369774
32.48039 246.114 -5.467597
80.52519 173.6837 -3.111452
27.26263 183.4347 -5.624015
102.3195 268.4448 -5.326992
81.82452 129.2095 -3.352183
52.17914 270.8434 -5.398044
251.3999 220.7032 -5.200849
246.0371 39.29386 -5.467479
207.2007 242.1923 -5.191037
219.007 124.7056 -3.671881
235.073 142.3889 -4.096231
73.68266 275.5467 -5.628911
117.2494 180.8449 -3.679185
156.7012 108.1562 -3.575823
196.4119 135.7649 -2.82709
210.3049 152.0568 -3.012198
114.7539 86.81785 -4.391552
98.90437 270.2673 -5.397274
28.04337 72.9504 -5.574436
94.68482 125.1989 -2.411824
133.9466 196.0488 -4.40923
39.78201 74.50207 -5.270568
109.1126 29.95033 -5.944553
54.84547 56.44791 -5.238059
208.6297 59.41404 -4.341365
169.8331 35.72831 -5.377801
242.6463 176.7245 -4.636644
109.306 158.3494 -2.915254
28.77594 195.1179 -5.641376
111.5558 187.2323 -3.394596
249.7209 194.5755 -4.905042
161.5976 147.4829 -3.78808
282.9015 123.9643 -5.916163
185.6593 130.8156 -2.508636
61.90969 126.4418 -4.409073
207.8358 121.9275 -3.069567
21.42128 270.9783 -5.851487
246.7128 157.8601 -4.475103
156.4864 199.4011 -4.709724
239.2103 34.10307 -5.464045
30.92946 76.48695 -5.441593
99.05604 90.55206 -3.383524
19.84389 43.86231 -5.940353
267.1567 155.2688 -5.024629
57.5535 169.3932 -4.343613
276.232 120.0592 -5.684626
221.8594 158.9217 -3.615624
227.4472 203.3521 -4.266834
135.0662 268.6057 -5.672876
24.69644 153.1938 -5.58119
141.1695 36.61165 -5.673895
17.59778 254.8731 -5.958094
231.7453 74.69859 -4.276092
162.3992 213.4866 -5
227.514 244.5337 -5.293615
28.95804 261.515 -5.581608
213.8018 199.7204 -3.99221
258.3391 195.8573 -5.124581
193.732 79.09505 -2.876033
217.7139 247.64 -5.285219
225.6927 225.4249 -4.847478
158.6511 168.4074 -4
108.4693 98.60365 -3.457712
96.29365 118.9808 -2.787322
114.5778 137.3338 -3.198769
198.4209 102.2718 -2.300526
66.82701 29.43885 -5.902144
49.51177 71.09402 -5.105194
89.80663 110.976 -2.890355
236.8226 117.5479 -4.461188
129.3702 97.97376 -4
190.7139 17.61689 -5.957688
37.15394 31.48295 -5.870783
41.16105 144.8156 -5.024329
205.0584 142.0517 -3
235.8751 112.2605 -4.484996
286.9961 174.1929 -5.63921
107.2351 179.0642 -3.049469
112.9534 244.1969 -4.696905
173.8508 45.64776 -5.058694
78.05369 272.9438 -5.515461
17.12474 124.0535 -5.704943
106.6195 93.71613 -3.668381
132.815 183.2571 -4.019329
191.235 235.0111 -5.201185
257.5976 169.4806 -4.985008
106.8088 78.35344 -4.661679
170.629 201.5046 -4.595806
270.1087 40.98051 -5.79171
151.4606 234.2905 -5
124.8416 137.7437 -3.77091
218.5392 245.3838 -5.238468
100.8007 50.12534 -5.483007
245.702 96.14643 -4.84697
62.68918 240.2654 -4.609106
255.4159 225.4274 -5.42303
250.5035 44.42489 -5.438024
211.8474 46.97789 -4.792082
131.0955 218.2983 -4.833447
259.9242 232.264 -5.718731
24.73492 157.3264 -5.593946
139.3987 268.279 -5.73353
83.69989 58.21474 -5.263419
145.7174 142.4993 -4
72.66446 40.45433 -5.655778
34.218 261.8118 -5.444152
158.6327 175.3475 -4.127912
270.0884 81.17816 -5.567386
241.3596 71.71032 -4.638822
105.265 133.3755 -2.368853
251.9679 129.7535 -4.723186
185.0596 187.1433 -3.904929
33.93779 74.74955 -5.403058
251.6273 267.1523 -6
203.7203 246.4812 -5.267356
184.8312 26.54936 -5.599255
71.9658 142.7456 -3.626028
41.56224 250.9119 -5.168789
115.8289 38.32909 -5.765336
179.0043 224.9383 -5.0013
106.1966 277.7607 -5.885615
111.5847 108.923 -3.157224
110.5965 203.2573 -3.793669
182.5326 39.26786 -5.219493
259.6417 155.3648 -4.822522
170.3334 70.22578 -3.496389
77.31294 118.3912 -3.910713
26.26281 254.2198 -5.655756
95.69637 52.32782 -5.427476
181.5462 113.1623 -2
121.731 168.6453 -3.986917
37.84692 48.19064 -5.51958
155.1297 29.99722 -5.67931
80.37624 166.3302 -3.125795
197.5016 146.8511 -3
250.8061 119.5791 -4.822621
35.57076 242.5924 -5.372163
249.3266 51.58113 -5.290318
82.81848 209.4674 -3.774604
163.5848 142.5834 -3.669297
231.0497 238.6508 -5.269769
39.19428 96.69982 -4.901902
100.0851 183.7784 -2.913074
276.197 94.27314 -5.763795
77.32925 195.979 -3.447201
176.4599 178.9214 -3.810505
140.1844 160.5629 -4
169.7882 265.9531 -5.733131
119.4073 180.3405 -3.809126
183.772 235.9403 -5.261108
274.6232 132.6861 -5.411517
251.4251 196.0913 -4.96324
247.0002 250.345 -5.766052
103.7107 259.7668 -4.943597
8.60365 129.292 -5.993948
185.153 253.7699 -5.477132
109.7376 229.7843 -4.348855
194.1634 169.7564 -3.034784
212.0733 49.77894 -4.697332
196.6561 163.6698 -3
163.9937 57.97037 -4.456505
188.1808 65.64603 -3.946587
206.5339 27.83514 -5.560597
130.6842 132.3009 -4
245.0836 217.0935 -4.969424
249.9613 21.0395 -5.872382
27.98991 54.10445 -5.718937
255.0598 144.2448 -4.623099
146.9088 233.3707 -5
170.4784 182.5471 -4.076483
128.7369 184.981 -4.016333
158.0589 91.70494 -3.313934
59.53472 28.35428 -5.922624
68.11686 183.2963 -3.717117
76.61635 148.9722 -3.112783
217.7617 79.07617 -3.795856
92.38907 231.6223 -4.224842
116.0646 110.7545 -3.559845
187.9305 220.8281 -5.009865
174.8899 131.5929 -3.111946
195.8775 196.035 -4.07046
172.9246 120.7164 -3.02189
231.2662 126.9659 -4.185272
86.54907 75.63154 -4.510069
255.3408 190.3135 -5.064674
74.26634 77.5432 -4.231523
193.0548 223.2895 -5.041293
123.7522 68.9783 -4.715728
161.0212 244.5003 -5.332529
237.1181 255.2355 -5.650249
161.89 249.1448 -5.48919
167.5757 165.5107 -3.684779
83.45184 109.6425 -3.340706
160.9944 251.0993 -5.535966
205.8766 227.9639 -5.019312
60.56719 106.336 -4.211266
190.6213 129.2231 -2.334926
214.5974 129.5847 -3.351897
217.2979 94.78644 -3.772682
36.45374 109.3526 -5.043128
186.9736 107.4636 -1.243927
24.5069 219.8269 -5.847143
158.304 278.6163 -5.976963
90.12836 57.42298 -5.30163
14.9283 133.2429 -5.810301
271.8458 139.9927 -5.186259
145.485 80.46438 -3.946038
230.8997 117.1525 -4.280013
205.1444 35.29962 -5.259073
13.63919 144.8006 -5.896406
30.6056 214.5679 -5.615776
251.1512 74.67173 -5.037338
35.1371 255.6853 -5.374571
237.9455 181.2689 -4.487003
45.57572 123.4784 -4.792855
264.6717 270.646 -6
41.24946 202.2652 -5.190022
145.4682 99.00856 -3.869974
233.6566 169.27 -4.238515
133.535 148.5042 -4
86.123 230.0592 -4.184512
252.708 99.66456 -5.101688
162.5073 26.87051 -5.6775
103.4372 74.25917 -4.748981
220.348 113.981 -3.955236
80.55891 130.1865 -3.414994
11.55186 100.7452 -5.906411
200.2972 171.0571 -3
181.6279 156.2396 -3.043119
201.3381 242.9711 -5.238001
212.9438 66.02751 -4.185762
113.4276 157.1174 -3.337505
252.2808 159.1738 -4.662565
175.1064 45.54319 -5.056938
284.02 88.78509 -5.977262
255.4721 57.20465 -5.278142
172.3533 194.8667 -4.354105
144.1634 224.0289 -5
268.8713 85.41534 -5.537185
165.4507 263.5116 -5.738533
68.03196 97.78444 -3.96619
69.78427 179.466 -3.649161
222.4716 259.5145 -5.545098
275.807 95.0405 -5.754093
222.6422 270.3183 -5.775226
216.5153 232.1195 -5.00458
265.8101 252.9484 -6
282.3958 163.6042 -5.498049
179.9173 108.3076 -1.908237
151.384 161.9373 -4
66.6788 187.5006 -3.887019
117.1652 273.5659 -5.752901
170.4858 68.74334 -3.634893
138.365 101.7877 -4
228.717 65.36325 -4.514728
54.74727 255.0091 -5.068446
184.8239 133.9443 -2.641631
52.14077 247.4844 -4.970367
92.71232 202.4909 -3.22308
45.95888 159.6091 -4.884523
214.698 108.0427 -3.718584
43.51349 80.44628 -5.073538
260.7967 176.8022 -5.105537
250.0841 200.4072 -4.9114
33.95031 231.67 -5.470328
236.551 179.5564 -4.433456
201.9031 90.36051 -2.728075
211.5498 261.7742 -5.576579
59.40719 82.13042 -4.594372
38.44158 282.6859 -5.884343
100.4757 86.87907 -3.74435
205.2606 213.1127 -4.535084
192.5951 108.3968 -1.491745
68.11654 240.9755 -4.527223
168.3888 255.0636 -5.613653
145.912 65.81676 -4.325809
71.90496 244.1122 -4.575679
286.5506 202.1895 -5.718641
107.6682 268.512 -5.38075
228.0568 158.9696 -3.878742
169.7944 70.0485 -3.526754
175.7312 264.6036 -5.673899
108.1907 229.5543 -4.325938
40.62304 258.7832 -5.305006
155.0018 141.4526 -3.996538
234.4229 241.5315 -5.381161
33.58764 123.2976 -5.185207
189.8289 216.1582 -4.914366
80.73236 247.5128 -4.641226
56.41163 195.9267 -4.557395
54.20575 97.03896 -4.406772
211.4232 155.3304 -3.099722
116.0026 117.2026 -3.342843
162.6824 149.3921 -3.750463
269.3776 249.6434 -6
97.22899 203.2598 -3.175413
123.9103 235.6793 -4.647655
267.1499 160.1229 -5.065774
174.5775 18.85829 -5.893479
176.3115 75.43598 -3.043386
157.4694 147.1602 -3.944435
166.2238 30.91897 -5.53907
48.03144 150.4984 -4.74493
271.6584 128.5067 -5.374586
187.6273 261.0322 -5.5534
234.7114 148.1613 -4.014823
285.1008 208.4797 -5.683728
193.8653 180.6847 -3.425807
293.3391 190.43 -5.817691
248.0522 135.5314 -4.539857
160.8344 117.6558 -3.517852
95.7155 223.6205 -4.084068
258.2473 134.426 -4.836836
22.17963 272.402 -5.841853
20.68214 128.0297 -5.608554
96.98873 57.5694 -5.311796
226.9272 93.69392 -4.172292
60.41592 215.5544 -4.399337
123.6611 192.1886 -4.114834
219.4009 31.788 -5.41295
115.8215 164.9504 -3.648306
189.7701 265.0408 -5.612981
64.88923 183.7873 -3.931174
260.2991 255.236 -6
240.4504 96.19074 -4.648582
131.7753 206.2616 -4.589724
246.7592 245.6482 -5.687163
131.0602 243.7827 -4.954314
124.3002 266.9559 -5.448931
100.1522 148.0545 -1.039321
26.35097 56.53102 -5.746679
160.2488 61.73447 -4.308758
270.5446 217.7244 -5.544399
50.80917 72.69498 -5.045271
265.4322 181.133 -5.216756
43.61678 171.8356 -5.035859
180.458 120.0889 -2.552865
194.1036 85.26782 -2.226714
161.3506 25.87309 -5.721407
233.5333 66.80785 -4.595427
192.5708 259.9711 -5.509371
138.3543 218.0185 -4.973368
277.6009 223.2892 -5.85849
234.129 109.0392 -4.46112
132.0088 63.21487 -4.833855
270.9632 215.5533 -5.498095
116.0656 218.4905 -4.297041
185.484 33.92919 -5.371064
226.8967 153.9904 -3.733908
48.2055 158.8751 -4.777201
176.6599 47.3279 -4.992314
198.8073 168.0195 -3
164.9109 97.91905 -3.046946
196.7543 265.1086 -5.625037
64.44456 70.79029 -4.689023
149.0029 259.7544 -5.621253
113.5012 167.8097 -3.497402
266.9862 99.60333 -5.510299
56.1511 84.02517 -4.645283
238.8855 38.81282 -5.373311
68.59354 260.4185 -4.984502
61.65467 227.5853 -4.347722
22.18739 81.69265 -5.587832
129.3438 34.076 -5.877054
20.97704 81.07567 -5.637174
13.0534 120.9232 -5.820907
256.4194 100.9448 -5.210374
34.67265 86.75398 -5.164639
124.9837 181.9952 -4
216.3089 23.70554 -5.735373
22.5255 92.90979 -5.522155
14.24673 172.1284 -5.993943
205.0546 227.7931 -5.022352
126.9472 206.9029 -4.488853
153.5307 73.79565 -3.680025
236.0868 259.3547 -5.695162
200.7403 266.0413 -5.650939
254.7312 234.696 -5.669915
152.3898 227.2916 -5
98.24401 108.7352 -3
214.469 37.17198 -5.191993
224.2986 146.8068 -3.571944
20.29297 268.5771 -5.863735
60.0477 200.5458 -4.403903
111.3155 60.76834 -5.257791
189.4394 127.2024 -2.189938
155.9576 153.4898 -4
100.9109 85.39016 -3.881112
118.832 72.27631 -4.682617
111.6866 156.6643 -3.161902
169.7224 64.55147 -4.030877
35.08231 173.9649 -5.317185
19.08029 84.53203 -5.693715
227.955 117.637 -4.182156
120.8654 187.2089 -3.892063
244.489 263.3718 -5.922739
190.5012 49.96912 -4.715056
108.9239 236.3634 -4.481247
83.03849 82.53779 -3.87185
117.1822 229.3865 -4.426699
126.9411 102.8075 -4
166.4046 34.44157 -5.430664
102.5193 162.4865 -1.919884
111.5424 203.3494 -3.845261
193.9658 171.9604 -3.117001
139.9485 132.9991 -4
228.779 52.50632 -4.957903
73.26002 114.7297 -4.010387
24.64061 257.3286 -5.701102
28.71925 153.0639 -5.45167
198.7444 41.09641 -5.099639
245.7366 186.0205 -4.774481
81.85807 117.7563 -3.57629
87.45305 80.42693 -4.063674
75.43264 173.8002 -3.378943
50.57375 261.8168 -5.230026
191.8628 247.7764 -5.358798
80.97462 34.31046 -5.812515
182.1927 54.89945 -4.473427
196.8484 197.1504 -4.095343
226.1087 78.27845 -4.008621
47.89007 284.4796 -5.974134
80.14693 159.5474 -3.033562
155.808 261.4948 -5.778338
154.6948 260.9893 -5.745822
175.1196 74.28768 -3.131717
111.1537 260.5824 -5.04104
107.842 28.15915 -5.983068
181.1442 148.0596 -3.045962
135.2931 98.36916 -4
114.9398 80.29103 -4.640958
205.4273 41.70195 -5.054764
64.6758 31.49793 -5.846384
215.6139 72.29937 -4.031487
189.7823 179.6405 -3.488878
187.734 30.76812 -5.458829
96.85702 261.175 -4.984831
241.2285 166.3663 -4.439604
41.20218 274.6971 -5.554099
178.5819 19.25966 -5.880873
215.1761 235.2218 -5.052326
230.8713 99.32989 -4.369553
191.3148 49.79882 -4.719146
28.62695 194.1733 -5.640864
117.0365 232.4236 -4.490484
259.062 248.4005 -5.97096
46.4012 95.58688 -4.66446
98.99191 181.5281 -2.779988
33.12533 169.8383 -5.366249
167.581 104.1909 -3.015835
53.91142 41.45222 -5.607299
132.2076 136.7029 -4
147.2259 112.9615 -4
64.4427 104.0478 -4.083854
79.24359 39.39368 -5.696671
44.66581 282.5435 -5.886975
205.3176 191.0787 -3.662251
128.482 273.3069 -5.844146
252.0166 94.56092 -5.077527
189.6766 211.2318 -4.73546
20.49735 242.2926 -5.903513
62.48179 204.889 -4.304131
85.40223 92.98807 -3.163776
250.6886 172.4828 -4.825797
232.5059 265.9592 -5.729521
232.7053 243.3152 -5.37578
172.0361 40.91113 -5.210661
290.9868 216.3466 -6
131.1323 230.0533 -4.933836
277.4739 180.9333 -5.408362
143.4492 101.3301 -3.995219
191.4889 45.35798 -4.995853
179.7449 98.71731 -1.629675
100.6162 113.1178 -3
51.69548 243.4369 -4.883322
154.7641 140.7375 -3.99611
213.4574 129.2695 -3.290865
75.22786 270.5815 -5.414482
238.23 192.8665 -4.503287
218.7519 238.6667 -5.095875
69.81842 59.06324 -5.201534
16.5922 157.4748 -5.853296
149.1954 261.191 -5.668553
88.57918 173.7648 -2.448549
116.0644 136.3897 -3.281357
232.1799 201.3857 -4.298454
186.5605 29.08849 -5.514808
199.1192 70.47729 -3.692402
171.6491 103.3394 -2.627528
252.4266 130.5015 -4.726226
95.59409 81.49209 -3.958992
76.84548 187.7989 -3.231461
110.415 34.31947 -5.848403
42.1804 174.8264 -5.092017
261.7879 150.5376 -4.810269
231.8024 52.66467 -5.018232
224.2795 262.6965 -5.615548
180.3854 223.5415 -5
183.687 169.6548 -3.287128
212.7404 219.2745 -4.621582
26.96516 91.82224 -5.35691
238.0677 182.4038 -4.493194
82.90778 106.697 -3.287605
186.9837 80.95593 -2.471792
118.3801 60.26541 -5.212374
180.9166 140.0633 -3.024321
238.7916 61.90939 -4.905901
200.4135 36.05254 -5.247256
144.5305 131.3015 -4
287.125 170.4736 -5.68279
247.2803 150.2248 -4.371108
31.10999 124.8711 -5.268861
133.564 50.96844 -5.29764
27.99709 265.9359 -5.639722
140.7513 268.286 -5.755761
227.9567 103.6059 -4.318768
221.2155 42.93344 -5.043632
213.0853 200.0023 -3.992452
253.9544 233.8037 -5.640647
268.6924 48.63521 -5.654653
180.7222 171.8842 -3.438567
159.1394 262.67 -5.778924
79.50341 279.4712 -5.801859
63.92482 209.8617 -4.250691
141.0757 40.48183 -5.542263
141.746 220.3679 -5
120.5721 245.767 -4.819197
169.5622 269.5608 -5.778232
64.04366 213.4237 -4.248181
156.6569 235.8402 -5
210.0218 184.1073 -3.333838
133.7003 233.4454 -5
66.08114 191.3444 -4.00124
16.81171 120.2684 -5.700486
260.4015 206.8454 -5.161035
268.3307 60.81641 -5.565569
102.3373 83.27183 -4.109521
113.9473 37.27241 -5.78667
46.62246 44.34936 -5.544299
90.8881 108.9035 -3
205.9461 75.66808 -3.675652
47.92029 269.0447 -5.379458
163.7359 65.40896 -4.067181
208.0903 123.3248 -3.064929
70.22071 266.4867 -5.237321
211.2577 121.6596 -3.269459
268.3754 156.2268 -5.052335
152.249 258.7321 -5.638959
43.58155 184.5024 -5.083892
56.02725 77.69505 -4.792125
150.8753 127.0987 -4
85.56578 185.5516 -2.822427
160.8916 76.39554 -3.323366
207.5717 63.72342 -4.185588
46.18848 115.1215 -4.737961
150.368 129.4994 -4
251.4373 104.2822 -5.049963
59.64805 118.8712 -4.370222
62.07674 190.9431 -4.218222
186.9995 254.6757 -5.476911
121.5313 261.786 -5.246366
42.51257 49.90414 -5.412496
52.64513 164.1964 -4.597705
285.3221 157.2422 -5.717071
19.97843 233.9616 -5.953165
296.0393 200.4934 -5.872624
58.69762 39.10532 -5.659582
106.2051 252.4666 -4.797803
84.71394 136.7278 -2.812408
114.0477 47.77447 -5.55184
167.9991 191.743 -4.319659
261.925 185.6122 -5.198522
146.9462 136.1761 -4
218.1887 58.01976 -4.517956
140.9717 83.67723 -4.053324
104.6332 244.8044 -4.61936
80.84462 230.2937 -4.205313
148.2291 26.93174 -5.892862
209.7934 17.10452 -6
161.5314 22.98689 -5.81686
277.8242 100.3413 -5.821955
154.2629 260.0512 -5.710284
23.51723 270.5132 -5.792413
234.877 169.0145 -4.274033
163.0896 85.21897 -3.158553
287.1201 154.8878 -5.836304
154.4575 176.9599 -4.120293
21.59387 242.1158 -5.865608
236.299 35.95201 -5.388349
242.1163 67.93875 -4.788808
110.0625 199.4394 -3.663152
43.1829 223.3814 -5.112684
21.2743 211.1409 -5.985815
156.1203 106.2734 -3.570533
225.2454 273.8613 -5.854566
181.5344 121.657 -2.527836
176.523 280.2093 -5.915582
162.986 45.09999 -5.1183
117.4471 159.4146 -3.760782
198.2352 89.57223 -2.406672
229.7133 22.64042 -5.790074
78.30361 188.2586 -3.15188
160.9351 83.29632 -3.271364
201.5372 252.3712 -5.361297
126.2065 52.35028 -5.363715
162.6687 203.962 -4.753716
116.88 83.73545 -4.49996
191.0514 144.1924 -3
118.8646 233.8607 -4.542689
136.8904 55.78426 -5.080689
78.98442 283.9578 -6
141.8619 143.0425 -4
62.10517 195.9481 -4.299881
124.4293 218.375 -4.606399
168.8189 270.0329 -5.789843
197.3596 102.5995 -2.183395
291.4975 205.11 -5.82161
29.08128 76.79468 -5.479264
175.1599 45.16275 -5.068358
23.98769 262.7664 -5.722793
194.1822 98.72829 -1.623301
67.71031 138.5199 -4.039794
195.3863 20.88504 -5.830342
224.2193 255.1135 -5.454116
252.0258 241.0909 -5.718066
258.8671 69.94457 -5.247291
235.97 196.9 -4.419473
214.1306 77.22523 -3.797395
216.6608 261.1264 -5.570563
197.697 229.175 -5.086411
73.20816 107.4878 -3.825302
110.198 216.5012 -4.067829
106.9919 258.8953 -4.944581
152.1191 135.4889 -4
178.8536 231.616 -5.205286
149.0523 115.6122 -4
106.9145 27.5357 -6
110.7083 262.9438 -5.10518
96.71332 211.7281 -3.606246
153.5323 72.58211 -3.688742
116.3316 262.6634 -5.188246
261.067 45.51047 -5.574483
195.0371 202.8043 -4.334436
100.9237 203.8578 -3.307594
268.2417 112.3164 -5.525269
282.5113 156.7756 -5.571593
233.6167 121.4893 -4.321303
113.3158 103.8398 -3.545767
48.29698 265.1681 -5.312335
159.4076 203.0886 -4.75451
112.6794 148.4125 -3.093298
84.48477 104.3098 -3.151405
242.8881 46.83652 -5.284322
167.8209 26.78686 -5.659096
73.25773 224.8928 -4.105238
77.24453 78.42311 -4.190502
33.00163 137.873 -5.259291
176.8244 273.2627 -5.776589
33.40525 108.1709 -5.134405
159.4845 236.989 -5.077172
109.6606 227.9279 -4.307939
46.54807 174.6506 -4.929688
220.1752 168.4787 -3.70211
131.7604 165.913 -4
280.7038 70.27924 -5.854691
207.1626 173.9717 -3.036212
158.5774 176.9415 -4.174719
124.3547 93.53789 -4.089706
83.6849 43.50139 -5.610217
108.1286 268.0464 -5.358944
105.3089 50.5531 -5.478964
112.0486 86.8039 -4.404535
156.3349 47.07241 -5.084236
233.4317 267.7961 -5.776618
51.86943 271.0401 -5.406007
56.86675 237.5545 -4.651137
187.9965 83.7769 -2.194019
241.1489 25.94343 -5.667306
175.4157 109.4345 -2.436129
280.5225 156.4798 -5.468318
243.7437 29.14535 -5.6199
126.5178 57.34885 -5.187028
188.1428 278.199 -5.89047
245.877 225.0768 -5.223468
248.6868 104.9898 -4.952632
106.0059 262.2929 -5.016481
202.0421 85.76878 -3.0748
19.3974 257.714 -5.884084
111.7223 60.68319 -5.260195
193.1801 266.8589 -5.656846
56.43838 202.1453 -4.565067
123.8729 32.8739 -5.897241
122.9482 145.1818 -3.900619
85.12571 145.8196 -2.357422
193.3988 83.46369 -2.338731
112.3709 230.7101 -4.399381
61.54649 114.2013 -4.27116
138.4813 260.3743 -5.479618
68.28066 230.9983 -4.289735
174.6489 126.8961 -3.051737
223.227 180.0509 -3.923501
257.6167 47.18213 -5.492627
61.64487 183.5961 -4.119216
116.1479 178.2535 -3.622528
132.5309 88.34513 -4.225825
185.4987 99.91293 -0.7738189
58.93784 191.2045 -4.397961
63.03136 120.8795 -4.317064
191.131 271.7977 -5.758813
210.2879 215.4626 -4.529237
56.04023 151.3011 -4.378801
49.38746 148.0783 -4.670638
34.43114 165.3716 -5.309346
284.8934 185.921 -5.569854
184.6216 88.51851 -1.308201
136.2085 165.1666 -4
124.3595 134.7589 -3.742194
283.4352 191.8701 -5.597006
205.9687 225.3073 -4.957963
203.4567 85.73642 -3.14328
46.4474 215.419 -4.981358
124.5504 118.1826 -4
139.3496 67.55962 -4.394945
31.40511 39.46431 -5.697023
76.74853 162.0522 -3.312439
154.3088 124.7449 -3.880023
120.4543 56.34992 -5.314989
158.2698 99.01904 -3.348618
228.2024 181.5677 -4.131544
78.46125 138.2739 -3.297756
212.8406 255.4117 -5.443169
131.5884 98.64353 -4
135.9474 149.397 -4
161.9932 53.35175 -4.733581
105.7171 100.5248 -3.146156
21.90744 149.7688 -5.655548
229.563 246.0037 -5.35686
245.1581 61.15698 -5.055333
37.69385 177.8491 -5.246279
141.7603 50.43962 -5.189285
231.6007 185.4717 -4.261627
126.3862 235.3192 -4.748446
202.6708 212.6789 -4.56584
113.6285 152.4864 -3.290864
192.9438 29.01828 -5.500983
275.437 94.063 -5.741637
111.8468 251.6549 -4.844845
97.64548 266.3902 -5.203462
170.3921 53.38712 -4.663497
144.1408 74.38971 -4.044909
113.3349 268.7237 -5.445578
282.7392 113.5015 -5.987767
48.54271 30.31225 -5.886817
56.05082 54.29671 -5.289533
31.09437 225.5162 -5.593981
89.62514 235.6294 -4.326703
86.27341 274.6519 -5.581298
253.3245 18.38386 -5.982192
177.5254 47.99069 -4.943812
253.0632 41.06712 -5.536228
276.3408 137.3112 -5.434161
123.1736 256.9324 -5.126362
127.9683 229.2914 -4.802952
20.8072 216.4607 -5.98997
138.3031 101.827 -4
189.8103 248.7335 -5.383903
283.1392 143.9057 -5.732098
16.20596 72.50072 -5.858809
16.20596 72.50072 -5.861855
176.1056 70.89007 -3.393072
251.2577 189.2692 -4.96485
268.6613 217.8813 -5.503199
41.85968 48.93311 -5.437067
207.9111 131.4062 -2.938811
156.8707 24.04157 -5.854643
163.5474 246.1869 -5.422984
256.1406 257.5307 -6
19.78979 140.3747 -5.685262
130.9391 56.79263 -5.137896
171.5198 171.1467 -3.705301
214.3507 243.8869 -5.200253
65.96026 253.084 -4.850987
282.4558 196.8224 -5.623372
188.9715 260.6981 -5.540662
29.31409 55.51518 -5.683896
93.10572 205.7053 -3.305629
79.66145 158.9897 -3.058776
211.0158 264.3651 -5.630893
230.2544 244.6986 -5.349752
278.2661 113.2247 -5.859191
160.92 74.99177 -3.332232
284.2504 203.3039 -5.669125
266.8096 252.6601 -6
18.81865 171.3033 -5.836076
138.7575 271.6308 -5.84619
227.5399 104.5635 -4.296263
18.01363 133.3619 -5.713594
161.772 104.5893 -3.289604
72.83791 157.7807 -3.519071
79.07776 56.99322 -5.278838
227.8586 276.5319 -5.915358
281.2144 65.45148 -5.900398
64.81885 196.3032 -4.154866
227.8694 153.8923 -3.773172
222.1336 229.0709 -4.883847
57.73485 70.37498 -4.908616
167.5689 176.7737 -4.012469
210.6728 237.5622 -5.110454
95.08765 236.4904 -4.35381
175.658 183.4145 -3.987165
186.0833 48.09827 -4.867921
67.03493 268.6832 -5.326625
164.5251 236.0394 -5.124372
182.1038 87.17301 -1.583279
131.1029 104.4946 -4
269.5523 149.0706 -5.01041
95.39292 130.9847 -2.160431
134.6112 194.9339 -4.391584
139.921 274.1829 -6
59.2243 156.7269 -4.257814
285.573 199.5194 -5.696331
273.9145 223.0322 -5.763205
103.7145 174.0253 -2.409886
119.7399 272.1038 -5.694981
142.069 229.6893 -5
111.648 165.3493 -3.282228
62.01956 238.6122 -4.58241
115.8671 100.1409 -3.965833
98.87343 113.8782 -3
148.3931 36.18093 -5.575211
246.6443 124.3008 -4.646135
173.4221 61.50892 -4.141135
198.5302 29.80059 -5.47445
125.3841 129.0851 -3.818436
51.41199 45.98418 -5.498812
40.74517 272.7356 -5.528196
29.62173 127.0288 -5.323641
279.0611 139.2209 -5.560573
99.85086 155.0011 -1.356491
283.4927 86.52184 -5.957848
170.8619 167.4075 -3.600271
297.1877 194.7409 -5.980659
284.3766 86.6533 -5.983402
281.822 86.37046 -5.909733
62.42293 253.7717 -4.931397
289.2897 152.2974 -5.977709
136.9333 171.6346 -4
89.75925 202.6343 -3.329683
247.7629 69.89526 -4.903806
133.6538 158.4749 -4
111.9012 103.8721 -3.394062
188.1056 36.94088 -5.268649
40.49369 39.40805 -5.672466
270.5996 260.992 -6
267.9214 209.5175 -5.318733
106.2713 96.18902 -3.472151
120.3821 95.71449 -4.024527
45.88389 98.86 -4.682257
211.9533 257.7074 -5.490663
217.5738 157.3133 -3.403377
277.2884 110.5546 -5.826109
116.5535 89.65874 -4.274342
232.8309 242.023 -5.357824
70.59336 86.80433 -4.141868
159.1832 224.7092 -5
208.6505 229.4932 -5.021113
235.2162 275.1501 -5.927625
34.95346 164.8666 -5.290875
158.6412 156.4622 -3.975616
253.4145 87.43755 -5.110457
244.0203 263.4962 -5.915549
163.4138 189.4588 -4.362505
251.894 163.9228 -4.72624
44.77367 153.6067 -4.910392
51.35828 71.99982 -5.045203
84.99725 66.22449 -5.075453
220.7934 92.39323 -3.92166
31.28573 132.0343 -5.290348
281.3514 119.7525 -5.876221
89.79523 55.38282 -5.349499
189.6452 144.5659 -3
244.4397 107.514 -4.802092
244.4397 107.514 -4.804889
236.2736 86.19908 -4.418291
158.3739 49.41484 -5.00458
255.1182 178.6765 -5.03031
239.9968 78.98458 -4.573121
159.5162 245.9757 -5.355256
54.78128 160.2416 -4.479987
212.1301 85.42421 -3.397427
224.3154 134.6714 -3.797502
152.8585 233.5759 -5
257.1991 182.7245 -5.098116
63.10635 181.6286 -4.004594
108.156 152.4978 -2.642638
41.84802 38.20149 -5.70058
47.4341 96.66299 -4.620393
191.0826 255.7199 -5.464287
227.1363 121.448 -4.119173
138.9304 191.4979 -4.346732
135.5506 155.0186 -4
196.9996 107.1583 -2.182356
23.65964 250.6768 -5.760678
130.6773 162.7903 -4
184.2012 117.5384 -2.069585
292.0952 194.8574 -5.761412
153.7318 37.12059 -5.458772
258.2157 99.804 -5.259618
262.9647 169.0165 -5.074172
101.619 103.9936 -3
19.40945 197.9488 -5.971438
275.3548 121.4824 -5.628508
142.5057 271.8484 -5.893424
96.86095 156.2071 -1.09408
60.58 211.986 -4.3925
140.1181 42.47568 -5.488487
174.9078 220.7847 -5
187.2125 190.2795 -4.003396
271.5479 131.6946 -5.316398
47.71999 164.7262 -4.827788
160.9904 68.88474 -3.856501
26.87704 283.1022 -5.885927
163.3183 194.5425 -4.471625
167.5166 259.255 -5.670927
138.9873 195.0992 -4.454908
112.2252 233.7471 -4.463167
193.6673 259.7943 -5.507276
64.75326 250.04 -4.801361
29.05024 239.632 -5.612685
26.10049 243.7571 -5.700898
179.5895 57.76523 -4.31499
26.69751 55.27167 -5.743608
51.93771 36.64337 -5.727576
90.91567 267.7197 -5.269958
219.6362 161.8926 -3.578697
219.9818 33.67081 -5.337719
86.98795 26.85395 -5.986703
196.2174 180.4034 -3.361297
244.1804 71.30449 -4.747649
111.7307 48.2067 -5.53933
186.7032 251.5729 -5.43951
194.3449 38.69423 -5.190433
52.42555 214.2204 -4.732269
194.5099 168.497 -3
34.05821 96.32435 -5.069639
118.5433 210.5082 -4.264954
231.552 220.6643 -4.822073
213.0294 23.36344 -5.746236
245.0519 201.6979 -4.733218
32.7911 66.4709 -5.564729
206.1874 35.50329 -5.251802
249.1922 135.8466 -4.567388
193.9392 140.1066 -3
203.5616 175.9122 -3.021368
118.4399 151.1628 -3.730713
46.84001 59.6269 -5.274656
82.58559 243.5645 -4.537475
251.1813 78.46323 -5.041262
149.3169 96.91064 -3.674324
259.7841 141.9372 -4.782256
76.33068 42.45615 -5.618807
195.3106 88.31187 -2.163843
56.49739 127.6274 -4.546641
201.9529 162.9039 -3
107.2178 274.514 -5.7131
238.0735 37.76958 -5.380684
140.5444 156.004 -4
137.6261 220.3863 -5
17.81128 94.34491 -5.696302
282.677 164.8113 -5.501156
91.21158 41.31932 -5.668261
150.1867 228.5176 -5
60.10045 47.56773 -5.450234
70.83469 40.23074 -5.655655
50.25818 113.0565 -4.590601
169.6272 31.1824 -5.517591
146.4076 39.86685 -5.481057
260.1444 66.8816 -5.2945
232.0022 233.8888 -5.213166
233.6035 79.92722 -4.292408
222.9207 177.8205 -3.902254
33.36756 263.0447 -5.475823
241.7739 225.7774 -5.16333
173.7599 136.814 -3.227929
198.6653 104.5415 -2.346474
80.52759 44.29414 -5.587349
244.0679 126.9764 -4.540081
81.09486 87.92925 -3.552129
200.267 180.0832 -3.261841
200.9839 102.8958 -2.602179
269.742 56.80232 -5.631514
10.84369 107.777 -5.900546
156.5421 120.9016 -3.743499
86.12221 71.05275 -4.875759
165.9705 124.4401 -3.342539
86.69828 38.12338 -5.734228
13.72327 77.7149 -5.9313
57.60875 167.7992 -4.343292
121.9657 107.6995 -4
15.35509 150.6393 -5.865349
81.61005 162.7753 -2.972136
268.2972 72.26958 -5.510492
67.06336 273.6883 -5.540316
157.9609 264.631 -5.811884
119.5336 50.87231 -5.48926
178.3905 112.7415 -2.194518
178.9813 145.7958 -3.123898
35.79335 254.2293 -5.34641
83.59614 50.13975 -5.456521
116.3571 186.7812 -3.63794
180.4546 128.9248 -2.78326
262.8125 138.455 -4.911281
243.0164 158.4756 -4.374224
191.411 210.1303 -4.665701
198.8688 251.2946 -5.35899
180.7928 120.9156 -2.554738
130.3875 193.2861 -4.280085
33.92202 201.0298 -5.483119
248.4761 65.63169 -5.021336
186.3535 216.8065 -4.968881
108.7886 187.2577 -3.24728
268.2448 154.7509 -5.037696
30.92031 217.1394 -5.603188
218.1133 74.1762 -4.011889
46.30997 244.4324 -5.003106
11.37598 119.2172 -5.867186
33.51168 235.586 -5.470999
248.1213 53.73234 -5.233658
260.3538 43.36524 -5.602925
228.9412 82.19544 -4.102098
19.95773 44.65606 -5.934822
246.127 133.9827 -4.506517
82.3002 85.77805 -3.655194
22.73167 46.18531 -5.866759
226.6324 121.4216 -4.103492
113.7604 216.8368 -4.199808
159.5931 260.6497 -5.751052
21.32698 70.98044 -5.768237
136.0334 42.64498 -5.545728
248.5588 248.4891 -5.767186
29.08764 136.0285 -5.375305
160.1053 280.2436 -5.982081
90.84933 156.0413 -1.795488
234.9527 95.17887 -4.454991
165.9789 118.3724 -3.288298
276.6501 207.6113 -5.505097
242.1858 202.8253 -4.631307
206.029 213.6639 -4.54105
101.2254 132.8232 -2.269845
36.69156 90.84127 -5.041983
48.29094 148.2551 -4.722147
82.68984 161.9163 -2.83118
227.1125 183.2991 -4.094368
19.89289 263.8081 -5.843687
133.1722 72.17574 -4.330993
44.23698 30.44869 -5.888272
76.77879 140.2085 -3.357476
227.7009 52.15176 -4.94091
270.0966 107.1545 -5.613747
53.70793 207.5168 -4.678836
252.7741 243.387 -5.768948
148.3997 63.37076 -4.402157
180.605 167.1087 -3.28152
264.3022 179.9454 -5.188523
36.20769 101.8876 -5.022956
141.8941 75.1237 -4.094625
184.8627 86.80651 -1.704756
98.662 202.6961 -3.178049
132.6795 159.7866 -4
117.2291 221.0426 -4.349046
248.5609 170.37 -4.728636
255.3128 108.4028 -5.121049
217.3221 262.4385 -5.599485
43.32492 274.0418 -5.522183
29.24092 267.9173 -5.621313
256.037 223.8205 -5.386823
160.3138 123.356 -3.592322
52.90863 44.16761 -5.541745
154.2967 203.7364 -4.844631
111.7523 83.70109 -4.524871
37.95074 43.44803 -5.576108
253.4241 176.2883 -4.967964
66.77973 101.8707 -4.004564
29.86134 88.07756 -5.263374
59.58905 193.3891 -4.398194
87.02136 41.03597 -5.669463
71.87417 62.08788 -5.135243
66.11261 251.6016 -4.813376
43.50792 180.2189 -5.067413
51.51874 115.7201 -4.558385
148.0224 163.3794 -4
32.59183 76.29722 -5.406105
23.51548 284.5443 -5.942782
194.4933 148.5884 -3
45.33754 206.0777 -5.026498
76.26631 178.2938 -3.312398
160.1981 155.8198 -3.904798
39.99701 244.8043 -5.208129
92.00969 116.1589 -2.734887
285.163 157.17 -5.709292
151.1965 169.6777 -4
244.0025 142.2604 -4.343476
135.0825 46.19347 -5.43839
174.8936 77.89543 -2.789397
43.24062 79.58032 -5.095892
63.41938 185.4137 -4.050543
254.374 39.36857 -5.586609
28.04076 240.7927 -5.64382
155.0166 181.8011 -4.272154
202.6944 182.8718 -3.339405
191.9437 138.2562 -2.937104
95.11122 213.0921 -3.641628
55.87712 281.832 -5.872291
57.61315 279.5169 -5.775899
67.74257 57.78347 -5.225972
198.7376 58.76817 -4.293178
38.32138 222.6584 -5.307145
172.378 272.7956 -5.798818
16.4519 99.19209 -5.725689
251.7759 38.59373 -5.56289
135.4506 67.61091 -4.492557
197.4361 187.7703 -3.674863
70.05417 112.2622 -4.054014
246.3406 260.6369 -5.915715
86.19763 54.89631 -5.350381
260.6322 263.685 -6
66.18728 70.0299 -4.757051
52.30528 167.0104 -4.626948
263.1629 51.45417 -5.497467
79.83218 163.3848 -3.116984
223.491 276.7077 -5.91246
22.82708 47.5104 -5.859652
215.3504 185.9194 -3.517361
198.658 224.7541 -5.024368
93.51788 144.3003 -1.308149
159.9725 69.70439 -3.803045
183.3307 114.1074 -2
94.61809 84.01726 -3.748561
261.4294 192.3357 -5.192449
145.8901 81.59276 -3.916457
96.29529 124.1761 -2.533404
245.5188 228.4221 -5.317361
101.593 263.1903 -5.05765
232.582 134.4443 -4.126054
220.875 173.9234 -3.78475
118.5081 223.1749 -4.405067
232.0629 164.5662 -4.118487
152.3052 77.69172 -3.708033
203.801 175.4138 -3
260.1494 76.05858 -5.287806
64.92772 187.9199 -4.008283
88.39579 38.08454 -5.737178
205.9529 51.58753 -4.591553
200.3055 184.2158 -3.45124
29.08067 185.7443 -5.576596
48.50784 278.891 -5.736435
38.27221 34.75657 -5.789156
93.16519 47.87303 -5.524036
70.51411 188.7022 -3.659906
255.5937 180.1067 -5.050097
76.23577 251.4079 -4.745399
257.9791 206.825 -5.109679
236.0911 103.1164 -4.580823
197.5018 108.3983 -2.249328
228.0856 112.7042 -4.234296
81.65465 271.0033 -5.425633
187.6258 230.2018 -5.16315
62.98268 143.2545 -4.126908
269.1611 48.51072 -5.668733
29.48032 267.4188 -5.611281
97.74658 148.7163 -1
143.6537 62.22793 -4.590212
95.60503 220.3997 -4.014107
256.583 180.6908 -5.070943
183.6899 256.9509 -5.526658
58.24737 25.88089 -5.984791
135.2772 243.8758 -5
142.3794 114.1342 -4
122.6363 236.3152 -4.639389
212.6057 48.40157 -4.748504
205.0649 188.4679 -3.547375
200.4265 90.43221 -2.590415
168.8851 107.3465 -3.001997
100.4654 132.6131 -2.259678
211.8658 40.03776 -5.080243
269.4765 235.7238 -5.97419
112.8975 54.74049 -5.394586
232.1394 249.737 -5.46615
118.1565 228.0748 -4.409732
36.75147 156.1035 -5.20378
197.4803 72.90387 -3.418667
131.3777 52.87664 -5.265779
206.0981 125.456 -2.914931
190.5479 80.07803 -2.581191
291.7253 174.6535 -5.887185
164.4012 242.5268 -5.322889
114.4875 132.3681 -3.193748
166.0785 257.0505 -5.655977
57.78907 254.6362 -5.024584
158.4961 50.5497 -4.937323
58.23292 215.0356 -4.490295
54.83943 239.5349 -4.734506
284.2662 70.61487 -5.953397
259.7638 175.7261 -5.079811
157.9935 126.2154 -3.724105
130.1248 178.7301 -4
145.5585 103.9743 -3.95825
142.573 223.3069 -5
126.621 161.5558 -4
159.7851 58.21835 -4.500767
184.0185 160.0909 -3
187.1424 145.1161 -3
174.5745 257.1974 -5.589773
132.8542 65.62253 -4.673745
125.59 127.2222 -3.910112
137.4538 204.3872 -4.658874
256.8465 67.07082 -5.199887
62.86138 281.8997 -5.884958
57.16848 166.5199 -4.371698
256.4464 62.30181 -5.219426
135.9859 153.5296 -4
249.8966 214.5563 -4.98667
174.2474 78.47904 -2.724551
104.2289 89.86487 -3.78373
229.6043 43.84124 -5.147814
238.1711 260.9755 -5.761476
233.4995 110.305 -4.42889
208.2816 42.66053 -5.014198
162.7194 116.2855 -3.417548
225.409 60.01611 -4.608848
40.74853 270.3086 -5.489065
161.2561 145.1016 -3.78782
153.4447 186.9565 -4.40495
219.219 233.347 -5.003006
87.63562 63.5096 -5.14838
52.02729 182.6026 -4.64607
47.59067 238.9423 -4.933722
248.8962 81.47342 -4.9688
102.9448 110.5996 -3
166.5948 146.0413 -3.595334
165.016 162.4597 -3.763938
246.0527 251.4664 -5.765254
63.74758 171.8681 -3.976486
277.0912 61.48818 -5.809292
60.86274 244.0235 -4.730611
223.1411 280.3941 -5.990363
189.6502 147.3341 -3
45.01914 263.6124 -5.328073
259.5887 59.61331 -5.325807
43.335 266.7606 -5.399735
153.7049 43.71961 -5.234412
105.9178 140.7553 -2.364726
106.8988 140.9983 -2.487352
212.401 138.7741 -3.096039
82.52422 141.063 -2.839705
272.0537 85.6459 -5.628725
270.6953 223.8643 -5.707422
21.09813 280.8833 -5.933112
286.2277 173.6417 -5.60362
198.6048 154.6377 -3
144.3784 94.33118 -3.827755
164.8913 16.34953 -5.988346
164.8913 16.34953 -5.990239
175.6747 190.5055 -4.174851
224.1141 209.7992 -4.385058
251.4119 154.5292 -4.562969
99.47271 121.6385 -2.798684
278.3344 172.4192 -5.349818
184.772 126.7024 -2.457242
137.6982 206.6569 -4.71307
147.8149 153.6382 -4
110.7077 78.30216 -4.736692
280.2582 123.911 -5.775546
60.98676 218.3097 -4.375552
220.0988 70.49028 -4.158097
252.7959 246.8374 -5.823868
107.7171 207.6842 -3.763345
88.84515 211.5289 -3.627491
181.4504 169.5164 -3.3369
118.929 91.61425 -4.188431
57.59581 87.7843 -4.518583
213.2566 108.2653 -3.625116
20.8273 214.7158 -6
107.625 210.3408 -3.830089
245.9557 232.1285 -5.437907
25.62427 83.3205 -5.448307
61.99098 259.2423 -5.046475
130.2 194.6177 -4.30547
50.21576 213.8917 -4.824343
282.0155 208.3607 -5.61838
65.98615 113.1138 -4.156941
99.87407 195.6907 -3.024086
138.1202 176.4235 -4
136.9417 165.5669 -4
214.6599 33.41335 -5.343371
103.2505 234.5972 -4.38817
260.3214 149.7369 -4.75369
167.3653 62.06464 -4.194333
61.83016 279.6101 -5.785776
85.8218 204.9618 -3.535739
20.23396 43.09494 -5.934462
84.99232 50.63871 -5.44875
127.9706 119.1283 -4
268.2033 95.36616 -5.537052
134.0207 117.0179 -4
195.4705 221.7553 -5.006583
103.8608 55.62984 -5.363612
104.0742 214.328 -3.906857
158.9563 75.7193 -3.417081
87.8164 67.03219 -5.064547
106.5152 194.5907 -3.346351
232.0744 194.5242 -4.285244
45.98946 80.08626 -5.022108
196.3176 229.3582 -5.097461
89.42859 58.38704 -5.276444
28.63439 61.14317 -5.678092
96.07381 213.8664 -3.703629
244.1051 68.23454 -4.832458
158.8703 201.6978 -4.712266
31.84167 107.2586 -5.180077
14.44775 148.2709 -5.884602
188.0766 134.4766 -2.646702
210.2089 266.0901 -5.666368
203.7243 115.8782 -2.910272
222.3805 82.72476 -3.814558
158.0878 19.80439 -5.979727
175.2942 280.1237 -5.911893
119.5145 166.762 -3.861604
213.3575 29.04421 -5.517989
55.27048 94.28422 -4.43845
228.2407 204.9267 -4.324986
237.1488 156.4862 -4.163941
112.9188 135.0965 -3.106602
124.0911 232.7931 -4.650135
107.9926 34.29905 -5.84589
190.959 198.1194 -4.229928
57.55064 82.09705 -4.648608
191.9869 196.4274 -4.150223
77.21238 139.9331 -3.334889
200.0472 268.56 -5.703475
250.4976 214.6943 -5.001571
114.7357 48.89638 -5.527584
189.1449 103.6596 -0.6952317
211.3077 155.7502 -3.097215
275.8789 100.5375 -5.766644
106.4068 119.6596 -3
194.388 109.683 -1.779875
54.92057 97.97065 -4.370073
66.81749 234.1793 -4.391076
61.89678 40.01809 -5.633988
148.7016 260.2922 -5.63329
198.0702 253.3606 -5.390196
168.1796 233.7184 -5.108164
77.59447 68.32788 -5.002908
155.9816 59.59471 -4.479917
168.9637 120.807 -3.173027
198.3072 88.66045 -2.432709
103.2808 193.5271 -3.141261
175.388 276.2535 -5.829691
83.148 258.7962 -4.93245
94.16376 201.3959 -3.14003
203.306 79.59652 -3.38872
95.94238 66.2016 -5.108771
199.3823 20.9453 -5.831451
152.7899 212.8342 -5
46.97179 143.2037 -4.75878
136.4302 37.02346 -5.732903
213.5524 194.6825 -3.794169
271.7716 238.25 -6
79.11742 149.6355 -2.917558
19.45648 170.3786 -5.809338
66.3838 253.6811 -4.857328
120.1412 58.97369 -5.229601
22.24873 190.6029 -5.833611
120.2015 53.73909 -5.408667
230.2144 216.1443 -4.672264
57.66976 34.3886 -5.776541
125.9927 264.1489 -5.390428
219.9529 105.5714 -4.046478
215.9154 39.71758 -5.090863
137.961 208.3953 -4.756043
233.7014 245.454 -5.429017
266.971 123.3428 -5.291664
189.849 227.2309 -5.111474
168.9408 28.84694 -5.591698
246.0059 240.5839 -5.592462
258.7382 67.25507 -5.252263
85.72782 247.2848 -4.631894
117.7821 121.7884 -3.420911
73.33751 26.8629 -5.96977
127.88 146.2066 -4
286.8456 142.4178 -5.944683
115.9423 116.0284 -3.345506
244.5198 145.3961 -4.318888
232.6099 235.5814 -5.251769
67.26478 179.334 -3.783165
28.8166 108.3138 -5.278978
42.68423 187.6704 -5.127657
42.68423 187.6704 -5.136236
264.1436 96.55877 -5.423117
249.4225 269.5918 -6
44.83271 72.68003 -5.185698
106.8279 256.0549 -4.881441
45.15472 267.8566 -5.39474
209.337 212.6023 -4.444063
105.0272 139.0692 -2.253401
207.9327 166.9006 -3.013732
8.118242 115.9167 -5.96688
103.0146 200.6245 -3.329112
183.977 107.115 -1.391234
233.5764 131.3878 -4.19211
184.8689 165.2667 -3.104172
114.1982 73.14076 -4.790018
252.1666 209.6504 -4.974404
94.41177 156.3769 -1.318744
119.1235 46.97574 -5.575932
116.8541 230.1145 -4.438586
83.8301 123.7787 -3.335704
248.9651 31.71834 -5.648055
253.4489 228.582 -5.479293
117.5565 54.89935 -5.396743
240.6539 223.7174 -5.078951
156.587 171.4504 -4
55.22892 41.30831 -5.609362
77.08052 69.17392 -4.936254
164.9336 234.7407 -5.090458
112.6993 178.7117 -3.416047
23.082 265.5933 -5.767685
131.5897 161.518 -4
58.66075 46.57677 -5.476172
222.0666 232.7509 -4.984759
256.5962 215.8441 -5.160284
21.02042 107.2029 -5.519549
244.1699 155.4913 -4.361461
75.1254 31.78976 -5.861737
52.45205 265.3005 -5.262758
138.5802 233.6371 -5
63.55532 125.5698 -4.361136
195.8198 33.42726 -5.345637
120.5826 167.989 -3.920904
181.8599 282.3625 -5.969506
53.81339 207.9694 -4.674442
182.0095 180.7664 -3.718282
183.4328 123.3959 -2.454851
92.56237 74.58383 -4.655472
201.7121 119.7543 -2.727732
73.38572 87.80226 -4.03071
182.4101 89.40339 -1.368685
84.14796 162.3759 -2.681529
179.2497 41.35283 -5.168701
275.1034 181.746 -5.377216
164.1954 212.3457 -5
277.461 81.69208 -5.775968
204.1493 166.5321 -3
262.3854 185.1466 -5.201955
250.1948 177.9928 -4.897972
240.0652 118.9527 -4.53292
152.7774 62.32256 -4.379526
111.6584 113.2065 -3.114769
115.105 165.2323 -3.604772
139.8496 153.3275 -4
223.3074 179.4802 -3.926512
173.8972 133.4359 -3.173723
202.2147 56.90628 -4.381976
175.8423 165.2837 -3.370982
151.4683 49.98997 -5.054869
174.7807 204.0641 -4.64399
137.3204 96.38876 -4
171.0244 145.8262 -3.426499
38.14293 102.5638 -4.961639
55.0893 161.2584 -4.47065
60.48447 229.8873 -4.40522
76.13452 94.71699 -3.572839
25.50525 111.8026 -5.395958
97.39442 256.157 -4.854216
51.36421 208.1392 -4.776491
108.9835 65.71362 -5.144297
205.1398 255.6259 -5.436021
127.6484 249.5869 -4.983696
22.20395 114.4189 -5.509363
126.4885 218.9726 -4.687569
141.4369 105.2062 -4
42.49415 50.43547 -5.40674
204.0672 168.3163 -3
254.1568 260.003 -6
154.0339 195.5892 -4.670303
96.65038 91.21385 -3.172757
100.1399 252.6812 -4.762122
234.097 144.914 -4.038121
152.7246 228.1182 -5
34.52795 216.7535 -5.458882
280.7856 113.3566 -5.931565
164.0377 275.148 -5.889474
245.9494 166.4859 -4.588929
30.48196 169.785 -5.450998
144.5775 110.14 -4
88.35091 281.1269 -5.907592
31.15527 111.332 -5.216845
225.447 153.8719 -3.670293
293.3172 206.206 -5.859473
178.3801 171.2931 -3.492872
136.0928 197.6303 -4.485267
111.4479 35.39557 -5.825594
134.2711 249.0183 -5.065936
222.9805 255.9003 -5.468973
26.70481 247.8767 -5.664115
71.76273 231.9046 -4.280907
184.2881 150.5663 -3
122.6379 254.328 -5.038906
63.94052 96.39909 -4.140829
164.6207 198.9117 -4.563839
215.4966 99.56789 -3.768156
135.3979 226.9978 -5
248.1138 186.7625 -4.857168
281.3165 61.92241 -5.926132
92.85892 32.82505 -5.860315
248.7177 274.1965 -6
22.42185 65.60841 -5.800976
256.8337 255.012 -6
103.1676 90.19253 -3.68817
71.68112 156.7832 -3.584446
209.1738 49.5419 -4.684849
123.4498 248.9625 -4.921494
152.7026 263.1206 -5.78141
295.4467 187.879 -5.955402
220.4904 81.32697 -3.757315
255.9654 167.0531 -4.897692
194.9738 146.378 -3
149.5006 168.503 -4
67.92625 142.1934 -3.943407
126.2859 211.9996 -4.556744
42.23558 186.05 -5.137965
127.9155 95.08706 -4.013922
81.68187 193.9075 -3.188179
227.7574 126.2498 -4.092084
58.93752 248.8837 -4.879811
154.8038 226.9709 -5
282.2053 84.04845 -5.916276
245.1244 98.24535 -4.827369
43.20769 282.0839 -5.865314
154.7976 142.1019 -4
269.1251 195.7622 -5.353375
87.59807 192.7482 -3
258.8102 59.9345 -5.301684
249.0984 139.7168 -4.515155
39.27099 149.8266 -5.101824
244.8247 103.9784 -4.848681
98.97339 201.2858 -3.137083
147.9566 255.569 -5.47608
200.2498 262.7154 -5.57943
179.9994 100.1146 -1.657237
149.4156 108.6262 -3.887259
266.6531 97.56317 -5.496869
240.6112 88.64061 -4.612736
196.5474 152.8266 -3
274.1139 187.5707 -5.410834
121.6377 95.60992 -4.022759
251.8502 214.7012 -5.02858
236.0204 160.4938 -4.186239
236.4507 156.2367 -4.13784
257.1121 168.9229 -4.961641
230.2167 99.5724 -4.350819
225.8368 204.3749 -4.265888
175.1955 274.8168 -5.806571
73.25519 79.91749 -4.207448
201.227 48.69983 -4.707873
84.6274 46.02059 -5.555013
77.50685 169.8847 -3.279644
238.4751 73.36904 -4.503824
220.6443 110.675 -4.018676
188.7461 155.3563 -3
113.3676 117.4904 -3.19038
259.3269 172.0198 -5.041298
236.2335 83.28001 -4.412734
93.30216 102.174 -3
95.49049 47.78191 -5.528925
217.3695 170.7803 -3.56878
24.95729 207.4162 -5.840825
34.84982 137.5652 -5.199869
9.362072 117.8981 -5.925473
53.576 149.5752 -4.484339
69.27153 262.4129 -5.06088
248.1395 85.245 -4.940322
159.9164 231.5183 -5
251.066 53.24782 -5.284904
44.63283 191.4559 -5.054687
21.425 204.4632 -5.941889
224.5275 224.0863 -4.789107
274.8303 219.3328 -5.689177
37.63681 199.883 -5.334528
62.12942 50.78259 -5.376853
257.8603 196.8542 -5.113767
210.3129 229.3035 -5.00819
251.0341 69.89626 -5.0302
140.2999 172.9607 -4
254.0784 214.4986 -5.066605
89.36267 169.803 -2.412687
221.5877 252.9742 -5.4046
288.9163 153.747 -5.943473
82.74956 259.2224 -4.943787
39.39956 210.1953 -5.264018
255.1475 23.4616 -5.887931
278.5092 46.21114 -5.948327
142.1482 140.609 -4
35.63145 166.861 -5.275767
91.14352 237.2632 -4.368073
54.95612 27.62475 -5.945647
159.3093 120.8762 -3.616373
244.0568 20.11278 -5.904443
117.9517 31.26497 -5.925977
19.46638 195.1413 -5.953186
241.8325 221.7564 -5.043101
260.9816 49.72175 -5.496515
42.12129 268.5707 -5.443992
183.0332 35.31253 -5.338441
33.12669 226.3039 -5.514932
218.1387 17.52033 -5.985821
216.9264 62.97848 -4.343273
52.02933 117.3011 -4.547377
66.36531 267.03 -5.255116
47.46732 142.889 -4.734373
18.12893 171.3949 -5.859701
283.2984 99.11635 -5.976322
199.0524 35.70446 -5.263266
236.7266 212.3548 -4.685701
187.7499 191.6703 -4.045718
79.61431 205.7864 -3.775475
243.2259 122.1416 -4.579291
167.956 101.5278 -2.918057
228.8392 66.49811 -4.479064
127.6524 131.8015 -3.94517
80.14711 127.5035 -3.538125
129.2714 105.4846 -4
164.8485 187.6816 -4.29654
81.40728 200.6639 -3.560084
216.4392 76.4519 -3.881204
75.08717 282.7956 -5.94031
152.9768 33.26983 -5.601882
125.7344 54.90185 -5.283266
72.42259 183.1599 -3.490022
278.7595 197.4379 -5.556571
148.6301 177.8896 -4.070263
191.9425 62.56413 -4.114229
152.004 59.00313 -4.565368
292.594 198.5245 -5.800584
270.6256 101.7954 -5.618664
54.74884 273.022 -5.494639
160.7511 43.74801 -5.168449
144.3798 144.388 -4
67.21078 256.6201 -4.911387
126.1902 274.7625 -5.904347
260.6999 125.4203 -5.02805
253.1902 77.01416 -5.095748
56.82362 166.5657 -4.392012
185.5015 200.0266 -4.391897
40.59497 189.6901 -5.214085
212.3604 199.943 -3.979411
235.6529 30.12682 -5.494149
40.56024 112.6337 -4.920031
213.5854 279.3613 -5.953866
159.9996 24.65258 -5.784347
232.9925 67.84412 -4.545213
182.094 43.18385 -5.101504
225.0634 201.0555 -4.159676
194.1362 234.0346 -5.170462
151.5479 196.8217 -4.673891
144.3175 208.5154 -4.881787
130.2735 224.5363 -4.88925
165.8362 176.6616 -4.044501
142.0314 84.56311 -4.020659
59.21872 256.4995 -5.036802
76.29499 138.4372 -3.453974
171.8528 186.0044 -4.122122
50.2845 196.1806 -4.821479
97.16029 214.5621 -3.764293
212.2246 246.9693 -5.262605
273.8132 79.15893 -5.668955
191.6346 35.9121 -5.28618
37.42713 274.6697 -5.600639
146.766 30.11273 -5.807647
97.04134 230.2265 -4.237644
140.1131 39.70749 -5.58375
102.4789 204.429 -3.403723
234.0802 157.0494 -4.073477
250.8266 53.74628 -5.27235
202.9233 266.5601 -5.665297
23.55285 187.3497 -5.771009
28.25026 198.05 -5.676046
121.3648 94.74396 -4.057219
54.47289 223.3127 -4.646963
173.1741 112.9367 -2.769301
64.4869 282.7726 -5.924496
75.83054 269.5059 -5.366311
28.64791 38.61727 -5.762155
141.632 258.0269 -5.455977
238.6014 237.492 -5.398988
223.5702 187.6274 -3.958561
246.8105 49.02209 -5.300855
198.4569 261.4291 -5.549338
18.90619 82.56408 -5.709641
66.64004 234.6384 -4.405091
259.0939 231.752 -5.686827
104.5021 39.46044 -5.72614
262.8125 144.8638 -4.828715
299.7791 206.7787 -6
17.67392 110.5407 -5.63707
122.4683 44.85143 -5.627557
117.8117 228.1207 -4.406717
50.66827 123.3618 -4.628606
241.3606 192.264 -4.613912
119.7507 136.6466 -3.486152
62.59434 136.3996 -4.249895
203.5368 123.6185 -2.783397
295.1135 198.6564 -5.842151
96.47525 275.1011 -5.645622
234.5362 44.86606 -5.200089
139.8909 257.5738 -5.415544
156.0431 142.8698 -3.961366
40.43053 257.3465 -5.284264
115.7443 207.9556 -4.123698
59.41953 271.0949 -5.418913
120.4986 215.8483 -4.426827
124.266 93.76745 -4.081313
248.4232 250.6538 -5.798725
277.819 129.6171 -5.589006
132.8186 135.9684 -4
260.2145 118.4538 -5.128739
66.40128 119.7785 -4.227076
233.8395 94.67343 -4.412216
186.4037 231.6708 -5.18948
212.6841 93.90603 -3.493796
43.18394 37.52625 -5.715668
25.56315 235.9575 -5.749195
88.55483 38.15675 -5.735758
160.1779 163.9735 -3.979628
80.87205 114.7451 -3.619957
127.1791 52.25219 -5.352072
36.59679 274.1578 -5.602728
199.229 189.0565 -3.696554
56.8582 269.2574 -5.33689
225.0643 34.42672 -5.311802
229.0159 194.215 -4.178149
18.55815 52.99298 -5.935049
249.0735 113.0583 -4.858954
256.7324 111.1387 -5.126251
191.0876 252.0793 -5.418171
289.3683 159.3491 -5.912333
213.8707 149.9653 -3.15483
52.71179 218.1956 -4.720342
178.2331 117.8645 -2.567631
55.6972 124.4982 -4.527513
58.39882 184.6184 -4.317693
148.1247 140.6239 -4
177.7236 230.4283 -5.151442
141.6432 45.66414 -5.355303
36.76348 102.7471 -5.008721
71.30973 112.1577 -4.024137
204.3556 100.5812 -2.980769
246.4578 259.0036 -5.892208
270.8379 159.1663 -5.116848
125.736 66.50591 -4.806588
213.5605 252.7028 -5.386626
110.9472 52.1685 -5.449736
81.17997 134.9884 -3.203443
231.559 158.131 -4.008199
253.3156 120.5835 -4.879203
26.75942 61.64113 -5.718361
101.0413 131.7277 -2.35058
40.7157 153.5858 -5.067989
159.7574 231.4461 -5
164.0663 260.9266 -5.718589
208.7943 259.7136 -5.528549
33.33605 209.1964 -5.506558
225.2746 144.2816 -3.617534
271.9227 173.8931 -5.259418
142.4662 159.9798 -4
40.83486 99.46851 -4.857137
211.3129 126.4744 -3.206367
124.306 122.3217 -3.970741
238.0516 59.95438 -4.953016
81.06928 170.2203 -3.097874
108.2012 158.1851 -2.709971
63.11769 250.0395 -4.831055
175.7272 82.38906 -2.290105
255.0119 38.44385 -5.612954
265.6849 202.9702 -5.275643
86.18565 101.8439 -3.012676
76.60577 245.9766 -4.60417
60.47786 215.5151 -4.396756
109.0319 88.20019 -4.192552
198.4883 28.09507 -5.543026
55.79934 120.9691 -4.483034
35.94924 218.2758 -5.402031
35.15155 66.53066 -5.511461
77.81194 96.42302 -3.386462
248.413 277.1614 -6
217.5136 143.3215 -3.300543
38.73194 149.6493 -5.11855
111.5512 113.9673 -3.104668
65.12566 115.2192 -4.201707
48.35431 191.8638 -4.901904
199.5976 146.386 -3
83.48055 63.37713 -5.139112
72.85468 152.0541 -3.426413
96.71472 261.785 -5.001295
96.71472 261.785 -5.003808
66.847 46.92038 -5.483485
49.42448 114.9716 -4.626854
56.26425 206.5861 -4.572323
75.77954 108.4528 -3.71547
140.2933 152.1797 -4
30.31467 150.1453 -5.390644
26.34264 49.78112 -5.772146
136.1349 141.6567 -4
89.26018 237.4201 -4.373431
101.7882 71.14938 -5.007764
57.31074 172.3187 -4.352565
193.0345 269.896 -5.721244
188.5592 47.73824 -4.87046
119.4208 164.2234 -3.864654
239.5271 258.5554 -5.749742
138.3898 160.4902 -4
167.7521 44.49795 -5.117904
171.769 214.6374 -5
262.0997 72.22177 -5.338722
124.7162 106.9919 -4
241.6447 267.9495 -5.939478
94.89625 36.38102 -5.783258
149.6602 72.44318 -3.867456
169.1972 277.7603 -5.881794
33.97381 221.0893 -5.481048
183.3126 63.36833 -4.025141
164.4647 260.5004 -5.710287
197.2425 78.59759 -3.141991
66.06944 187.0216 -3.917453
51.20983 274.9232 -5.570843
29.15674 54.22944 -5.692248
259.6247 205.953 -5.145154
163.2327 237.2066 -5.140805
130.425 76.86507 -4.363429
42.27971 77.59244 -5.155054
92.86224 36.80677 -5.771239
200.4026 177.9185 -3.168984
234.2021 203.0459 -4.381364
68.50278 25.94962 -5.984275
141.4786 145.3645 -4
173.2605 229.279 -5.048176
88.68147 144.6006 -2.036129
52.82709 256.2286 -5.111984
262.6195 226.7415 -5.605414
122.4465 47.80984 -5.561345
269.5428 53.81105 -5.645234
107.7779 99.90882 -3.324608
198.8159 123.499 -2.492316
251.8644 76.81696 -5.058847
172.4535 250.2304 -5.523137
92.74219 251.144 -4.727274
231.5172 150.0167 -3.860689
224.4513 81.23635 -3.90138
104.5012 206.0892 -3.553424
227.9328 184.6834 -4.12644
132.7689 50.60742 -5.322331
145.2827 41.44739 -5.444112
114.9835 42.33023 -5.674786
235.9672 96.7863 -4.507605
109.4917 196.6842 -3.559333
206.6774 115.7348 -3.088364
20.57642 172.4386 -5.783838
239.1319 269.3722 -5.912862
247.9853 119.985 -4.739158
29.10499 27.76115 -5.971149
67.77193 196.1597 -3.985359
26.06533 243.6062 -5.702704
120.2632 98.56135 -4
40.49959 181.9563 -5.172248
107.5891 38.36592 -5.754411
273.4826 222.0941 -5.728467
252.1122 70.25081 -5.060363
243.4633 180.5359 -4.68745
35.3329 267.5125 -5.511431
269.1488 153.1375 -5.038496
237.2263 55.80186 -5.038994
195.7644 67.06524 -3.961414
25.83359 72.62174 -5.632313
79.32381 64.4582 -5.100773
120.8586 198.4719 -4.130444
71.70995 91.29149 -4.007949
278.7578 198.6514 -5.555731
63.24518 202.6721 -4.264318
123.6499 91.73377 -4.162126
100.845 209.6238 -3.588815
211.6981 90.89484 -3.376712
154.7737 216.7706 -5
170.4815 224.9816 -5
141.6035 259.4307 -5.498907
255.3626 187.3551 -5.067096
220.0852 99.42498 -4.014472
78.44211 266.9812 -5.251852
268.2014 128.6237 -5.246737
64.26138 196.6572 -4.191943
177.6605 129.1404 -2.962569
118.8416 161.1271 -3.840749
89.10465 209.2856 -3.551377
292.4819 202.926 -5.83619
