175.5506 229.037 -4.328285
63.13511 128.9545 -4.84062
197.0542 227.3315 -4.137224
239.0203 177.6417 -4.829831
196.9641 164.6866 -3.012773
90.70006 206.3671 -4.584133
234.4943 55.97813 -5.201224
180.1801 122.8636 -2.7684
204.9151 28.51685 -5.687126
123.6601 71.63494 -4.683968
33.74675 110.5522 -5.414525
46.96328 168.4978 -5.335944
273.0966 98.66717 -5.604015
176.6247 59.99461 -5.186657
114.4075 68.8508 -4.808356
58.72512 210.7391 -5.208801
46.03624 97.37756 -5.12516
277.9056 213.9155 -5.710806
229.3538 243.8849 -4.850252
224.0037 193.7608 -4.215604
48.86883 88.47696 -5.040623
193.3159 239.0591 -4.524355
127.2996 67.41818 -4.802286
292.9812 123.2786 -6
37.49501 110.7698 -5.339157
49.42322 39.27959 -5.544802
108.5105 215.6676 -4.529584
55.89693 31.35749 -5.667988
172.7798 276.3511 -5.648326
88.37276 265.3509 -5.596024
51.53684 172.8679 -5.263406
75.45789 149.1883 -4.574131
39.74635 164.0744 -5.457251
9.333712 100.0755 -6
231.6933 86.68309 -4.721898
58.65843 163.1487 -5.091404
279.4672 273.7205 -6
193.9695 105.4453 -3.643282
210.5993 207.6435 -3.50499
85.24244 227.5006 -5.051605
231.8113 256.8738 -5.141872
273.953 227.1648 -5.67727
110.431 163.1777 -3.45556
203.5522 67.8351 -4.798138
275.0169 84.63006 -5.697447
168.5651 159.686 -1.264501
100.5286 201.857 -4.351062
248.0976 89.94827 -5.107368
228.9288 199.6398 -4.340049
80.7991 288.6945 -5.989141
17.13851 56.66596 -5.778153
219.7548 216.7249 -4.079651
173.3547 142.0945 -2.081854
176.2378 83.97009 -4.565288
236.5362 132.7991 -4.445383
38.37692 169.794 -5.502898
137.3409 30.5559 -5.574569
119.5937 77.68171 -4.51133
34.06346 54.23094 -5.437808
82.04028 164.927 -4.475434
235.0367 47.31953 -5.338264
227.2496 218.3737 -4.301031
208.5085 178.8328 -3.608659
51.92361 161.7101 -5.214912
101.4242 206.3113 -4.432971
25.81142 146.0769 -5.66728
205.2328 99.15805 -4.11618
109.4538 83.60199 -4.358177
202.3012 154.0222 -3.257669
181.6532 131.6278 -2.54676
239.3518 174.4866 -4.842854
100.4114 209.8991 -4.523793
275.9 225.7551 -5.714437
138.8667 192.7508 -3.341329
107.6916 264.3401 -5.519392
65.14058 142.7501 -4.833605
283.7313 220.6082 -5.869837
185.5385 166.92 -2.349852
67.63038 62.18498 -5.178656
282.7762 80.39489 -5.867535
124.1417 164.3429 -2.830595
185.6643 127.175 -2.738607
281.6108 130.3267 -5.70263
285.0395 99.5695 -5.836474
176.2248 16.77282 -5.925625
189.837 267.7697 -5.449443
98.84593 242.2444 -5.20381
229.7453 280.3568 -5.911893
151.6486 149.6446 -0.7915338
176.2926 165.6905 -2
195.7207 92.20845 -4.188439
199.2601 19.81044 -5.888485
39.29349 18.69224 -5.84107
23.20227 12.80329 -5.951941
240.8569 147.376 -4.653101
212.029 196.6893 -3.582137
213.1002 233.942 -4.342828
17.44317 60.10988 -5.785941
158.8493 63.66259 -5.105381
102.3781 258.0149 -5.455382
82.00427 18.58724 -5.880432
239.4352 216.3505 -4.650375
73.47706 219.7304 -5.050834
84.32123 11.74622 -5.98391
72.12873 44.25877 -5.477709
24.28588 226.2028 -5.773597
276.7841 181.025 -5.766315
211.79 120.2822 -3.688655
77.48138 232.9494 -5.156274
17.77852 264.8045 -6
165.1633 171.0267 -1.736447
38.86748 160.3023 -5.459636
77.37603 213.2703 -4.916914
50.49103 85.36817 -4.997791
197.3688 242.7206 -4.645538
68.854 85.13764 -4.554335
108.4852 253.097 -5.308692
36.54916 110.6777 -5.358063
58.48866 285.7161 -5.933276
48.3026 158.9867 -5.273846
37.8536 49.74529 -5.403269
224.8429 98.48185 -4.585343
87.0195 74.29351 -4.804676
10.06059 41.242 -5.973148
38.49977 55.57047 -5.34698
34.07637 140.6546 -5.489496
200.8821 61.56324 -4.984826
144.7657 274.2237 -5.667406
15.76311 232.655 -5.907269
263.6994 206.6562 -5.379815
25.7656 255.7481 -5.868856
110.1183 95.30464 -4.002067
51.10433 280.8794 -5.849627
106.282 267.1406 -5.583348
29.61497 138.2918 -5.573431
30.21181 281.8503 -6
100.9887 252.6618 -5.371792
276.6281 249.0225 -6
192.888 120.3354 -3.014874
55.99238 26.27378 -5.743445
89.92301 256.7451 -5.450793
239.2195 174.2242 -4.836501
28.17619 270.672 -5.946037
186.3791 140.9243 -2.745092
178.5399 43.18932 -5.498301
273.002 243.5309 -5.844091
58.29318 216.2098 -5.211133
92.09992 146.7597 -4.081955
242.0393 59.67354 -5.178111
52.60214 67.57243 -5.128138
247.6433 213.7357 -4.965025
52.79362 254.8642 -5.534804
97.16926 105.9536 -3.739261
28.75223 244.1515 -5.748506
152.8182 243.4744 -5.063795
127.8653 80.22283 -4.413058
56.87222 157.0083 -5.102097
272.5974 159.0881 -5.566662
156.0917 126.9035 -2.465797
235.2505 129.1121 -4.423813
147.0695 225.8206 -4.580975
97.94753 137.6764 -3.784389
206.411 167.6939 -3.62449
287.6354 197.6899 -5.988214
14.13912 256.2037 -6
62.02295 229.7763 -5.231958
127.1327 264.4641 -5.473904
270.5181 179.4618 -5.622204
127.5634 189.7102 -3.442485
190.1655 209.3625 -3.444302
146.3332 182.9857 -2.770363
136.584 66.37148 -4.912028
61.51223 253.8305 -5.467821
249.9043 23.84702 -5.770707
271.776 49.96777 -5.868904
255.7063 98.7996 -5.259809
144.8431 211.9921 -4.153457
200.9564 244.0796 -4.692398
140.9124 203.0567 -3.761378
64.94542 15.56457 -5.910147
111.1009 113.5605 -3.367907
45.22589 114.3472 -5.193229
70.881 140.8364 -4.657652
18.5495 103.9223 -5.717659
148.5181 143.8383 -1.369091
276.8047 102.3745 -5.662644
237.9541 149.566 -4.582812
150.0145 174.0657 -2.229929
231.972 249.3237 -5.024347
280.307 69.49196 -5.861831
61.78213 186.6267 -5.09863
163.1977 211.4205 -4.082975
39.19471 19.79424 -5.824644
242.4793 112.2232 -4.807354
240.3625 249.0179 -5.207499
169.1271 251.8233 -5.124972
230.9135 43.35623 -5.381105
63.13854 113.7098 -4.781671
288.4913 115.9107 -5.844345
211.1857 116.1625 -3.703335
253.8505 264.1815 -5.737459
219.2542 227.089 -4.249609
190.6754 19.89309 -5.907656
228.5597 44.85111 -5.347165
75.3531 26.96847 -5.750282
99.00836 233.4807 -5.043892
184.5375 149.1954 -2.488014
257.9866 54.56843 -5.511551
202.207 228.3892 -4.161364
105.6015 126.5798 -3.374711
54.10511 131.3985 -5.065003
226.1602 143.1995 -4.168049
144.3582 115.3024 -3.041926
201.2414 172.3628 -3.231452
166.1061 122.2755 -2.796406
97.8896 19.93028 -5.819888
163.4091 135.4202 -2.110223
118.2942 154.1999 -3.018858
149.1501 287.5478 -5.931498
8.859855 116.6582 -5.937908
234.3094 189.4674 -4.588905
205.9086 192.0891 -3.231478
183.2851 191.7345 -2.68911
126.5241 122.9915 -2.902344
187.3309 264.3382 -5.343752
29.48948 126.7664 -5.549725
212.9935 151.3885 -3.751164
251.2243 187.9048 -5.139137
25.54995 200.8042 -5.764108
216.7224 25.17503 -5.737586
187.4453 169 -2.413432
225.4895 33.81025 -5.531811
131.7301 200.5743 -3.761719
131.7301 200.5743 -3.766433
210.4979 82.99663 -4.465459
218.3225 76.29504 -4.693309
128.824 173.1474 -2.901644
90.69609 17.74371 -5.879338
203.77 25.43346 -5.756792
91.27244 233.5439 -5.072498
253.7814 33.16294 -5.707303
30.98647 60.86183 -5.442985
107.4479 140.3032 -3.37788
180.1468 76.63758 -4.75531
245.3502 145.908 -4.778165
180.3978 99.68834 -4.0317
179.7867 106.8316 -3.677211
179.9267 229.2023 -4.231427
81.94297 203.2682 -4.654833
256.9011 174.4264 -5.292145
92.82838 105.9391 -3.928501
217.9069 159.3535 -4.08298
71.38512 102.41 -4.525776
276.0699 71.1437 -5.767989
165.0056 227.4201 -4.576753
264.4259 211.9107 -5.38506
100.1998 24.3522 -5.732351
41.08567 154.5633 -5.395153
129.3465 140.5985 -2.33486
142.0882 100.982 -3.664608
254.3116 135.5399 -4.964623
274.4538 191.1655 -5.680904
96.92017 43.23649 -5.410931
219.7966 224.8392 -4.218018
161.7925 25.93882 -5.742419
114.7316 185.9082 -3.638417
215.9635 126.2921 -3.853761
64.26095 273.5628 -5.729057
256.7718 255.0513 -5.665986
172.7433 213.3257 -3.896108
16.85305 211.6971 -5.927354
267.1368 112.152 -5.385701
149.3537 102.2568 -3.661182
106.2733 37.2963 -5.483163
21.25974 119.522 -5.695103
30.52749 111.3843 -5.482356
33.44405 54.62433 -5.44605
85.25464 142.1003 -4.25188
31.60363 164.2228 -5.613811
119.2279 226.8748 -4.646768
258.076 232.5717 -5.315173
183.3828 89.30529 -4.357384
252.7205 250.1762 -5.5039
200.9549 200.4315 -3.058625
102.8136 224.482 -4.798967
279.2827 36.71297 -6
155.1753 258.7789 -5.366954
277.2466 115.2578 -5.562794
77.23104 94.54021 -4.344916
239.1764 96.82664 -4.906997
230.7888 178.0197 -4.553408
268.7795 30.39279 -6
250.1246 158.4647 -5.023914
213.4861 83.00411 -4.487432
244.5977 280.6237 -5.778013
16.37512 58.88289 -5.809321
138.3237 10.35898 -5.962492
269.4301 147.9357 -5.421906
101.5118 104.7545 -3.685063
109.3637 33.7747 -5.541446
184.9002 263.9767 -5.326539
16.03548 23.24409 -6
17.71322 267.2709 -6
238.3631 45.72655 -5.378153
94.36986 167.489 -4.13586
97.23435 141.94 -3.855073
262.2482 169.2984 -5.386305
150.4732 181.2225 -2.592141
222.4036 129.8232 -4.079227
220.9251 188.7876 -4.148666
217.9454 163.4861 -4.124813
134.0722 181.939 -2.957483
215.713 13.51819 -6
228.971 137.2573 -4.228584
144.1895 32.78829 -5.566972
78.74513 265.2299 -5.591615
138.9116 249.7084 -5.180901
28.04187 42.11994 -5.639814
208.9006 112.7639 -3.704649
241.583 229.5361 -4.874878
275.0336 91.72107 -5.66975
238.3687 239.5452 -4.994768
18.9077 113.3945 -5.724168
88.46063 118.9325 -4.092806
66.75637 86.81628 -4.584712
192.2921 110.1481 -3.4066
159.9797 281.5359 -5.761493
59.96441 126.638 -4.913289
126.9896 106.0677 -3.433261
284.6844 132.5317 -5.798543
244.1472 25.07848 -5.725378
171.7001 251.5749 -5.089927
59.2468 25.59257 -5.756425
64.72054 114.0908 -4.742421
121.9676 61.62436 -5.002827
259.0421 198.875 -5.292173
39.36798 169.1646 -5.484003
132.1979 67.07858 -4.846572
246.7444 186.0733 -5.038226
39.3575 246.9426 -5.636781
78.12411 254.0192 -5.401778
24.26482 100.9853 -5.577748
264.7021 223.1672 -5.380043
105.1755 268.1898 -5.612785
108.2789 31.8655 -5.579331
35.79431 81.19172 -5.347369
129.698 161.3337 -2.515768
41.21287 158.4663 -5.40767
128.8469 271.5163 -5.6173
100.2771 274.9382 -5.761161
74.37399 287.0591 -5.959895
272.2764 78.05643 -5.669271
82.67074 284.2148 -5.913803
23.75062 146.6929 -5.709935
243.7013 129.9806 -4.645891
215.802 255.6094 -5.086981
87.22002 140.1592 -4.180443
175.5616 67.94461 -5.026866
151.2752 151.0941 -0.7029147
208.4551 147.1693 -3.525476
54.88545 91.41097 -4.90801
73.38633 278.8527 -5.8208
83.96904 125.5958 -4.23005
292.2012 99.17811 -5.979557
114.1177 92.93783 -4.063435
65.04695 120.9851 -4.760639
110.1393 233.3398 -4.915266
268.3829 16.78791 -6
185.324 219.7122 -3.891042
52.80856 275.9864 -5.767255
238.1704 82.74271 -4.862267
286.5074 144.0183 -5.893825
121.3208 171.1576 -3.121759
282.6643 46.3436 -6
216.9572 251.4116 -4.945228
215.4128 102.5656 -4.253254
259.8878 162.8298 -5.28685
135.5283 254.1089 -5.266326
144.5889 165.7333 -1.943882
30.79746 31.36293 -5.672031
98.64237 121.1266 -3.683953
186.9565 170.8693 -2.369446
31.17294 245.3854 -5.727289
123.6281 107.5098 -3.379253
156.2858 139.9442 -1.5248
27.05896 81.54327 -5.593251
131.2068 74.1168 -4.592785
175.9349 60.08624 -5.189432
195.0652 259.0797 -5.202657
66.43193 27.43803 -5.735424
51.66884 217.992 -5.321
216.0258 62.16481 -5.021058
224.8736 12.55016 -6
283.2434 68.66634 -5.923124
115.3088 247.8973 -5.150126
64.99119 212.3022 -5.103176
130.2629 27.94955 -5.632062
86.43377 37.59853 -5.545651
93.88824 74.78102 -4.742117
245.3168 125.3172 -4.704941
116.743 29.43445 -5.617415
86.70318 60.11796 -5.149742
210.4608 128.9209 -3.569906
221.325 232.0094 -4.402676
142.5158 264.5672 -5.475797
93.95143 150.4337 -4.049865
53.33181 108.8527 -5.012091
105.8948 55.20408 -5.170356
138.4479 246.1923 -5.111285
128.3119 147.1447 -2.451676
251.3214 188.0163 -5.141111
136.5068 96.55906 -3.839659
256.0813 89.72769 -5.303079
158.3992 24.80296 -5.753241
264.5869 159.499 -5.377395
38.2211 192.9299 -5.524502
112.4278 234.3113 -4.909832
133.7791 221.2707 -4.441597
57.36145 84.64215 -4.818143
102.3911 31.62099 -5.595972
52.75099 94.15226 -4.973535
161.8247 264.4288 -5.412622
26.2337 70.98194 -5.597128
52.00211 194.3969 -5.287556
17.09653 80.59562 -5.880718
151.5546 185.5587 -2.821473
149.1531 42.79987 -5.418257
164.8198 221.1293 -4.385129
191.3427 144.527 -2.929992
149.7506 71.00008 -4.873944
75.53031 71.37094 -4.981524
243.4987 129.4164 -4.642435
221.0102 229.4379 -4.342469
160.7772 178.1426 -2.223836
149.6876 256.8946 -5.327398
150.441 255.5501 -5.301178
189.2279 222.429 -3.992216
76.37174 185.1552 -4.742787
153.22 247.0299 -5.134161
27.8377 29.95169 -5.736587
96.24766 260.6959 -5.519193
233.5925 247.4284 -5.0273
14.59385 68.32827 -5.902013
97.68285 169.1955 -4.050467
282.1782 141.9179 -5.762524
22.88577 30.67174 -5.821029
61.49474 87.73302 -4.723686
127.0151 36.5942 -5.468941
138.7957 20.62501 -5.76431
166.0856 188.1083 -2.716178
153.0766 146.3127 -0.9646126
258.4318 77.84228 -5.342619
58.55733 280.8226 -5.850495
77.04558 30.57024 -5.698379
249.6654 234.6223 -5.162378
209.2744 27.99997 -5.690069
50.02761 30.58165 -5.674295
248.4073 96.16038 -5.125647
9.64213 30.59553 -6
218.6448 233.0188 -4.354021
160.5815 147.089 -0.9627152
36.22972 54.06761 -5.399708
251.0239 89.99509 -5.179918
239.8113 21.42341 -5.775359
189.6548 227.0078 -4.141265
45.05727 31.83303 -5.651342
154.9835 116.3487 -3.039714
196.0533 196.7894 -3
281.2815 48.95393 -6
138.7405 22.21899 -5.733671
119.519 265.6622 -5.505653
69.353 63.16946 -5.155503
273.3033 249.4019 -5.946944
57.85548 53.49698 -5.341475
209.8159 192.3789 -3.494076
146.3805 110.5539 -3.259887
45.74974 138.2639 -5.250378
222.666 214.876 -4.124229
268.4931 64.87033 -5.599357
270.8374 248.8895 -5.884851
83.12318 206.5025 -4.692599
162.9707 88.06583 -4.406252
68.8657 89.46047 -4.540627
44.943 107.9449 -5.179487
186.8409 177.6979 -2.389313
28.74139 86.01748 -5.522168
239.2197 135.7714 -4.506637
183.891 207.4582 -3.341257
216.9288 246.4066 -4.77264
133.1989 78.39432 -4.46273
132.3407 283.1542 -5.853319
149.0059 27.82409 -5.674165
119.5045 161.2257 -3.031585
208.6025 130.101 -3.472217
230.968 163.5294 -4.496094
166.6082 136.333 -2.099067
46.52511 89.09941 -5.090057
248.1746 91.80468 -5.112445
254.5974 216.4207 -5.134594
53.74251 10.20845 -5.979642
244.0638 263.9882 -5.51844
45.9935 255.892 -5.618577
114.7036 103.9976 -3.578825
145.1792 275.6932 -5.696595
78.22475 219.6597 -5.019254
154.5162 153.7124 -0.2239512
201.0763 55.37753 -5.117045
109.5453 177.0773 -3.619202
240.6251 282.8003 -5.878952
264.069 278.1304 -6
118.5937 180.5108 -3.401563
251.0889 151.6167 -5.001628
169.4974 188.7129 -2.687401
118.7434 46.87067 -5.279578
264.082 38.91892 -5.851426
241.2454 135.0046 -4.56322
207.7614 258.6375 -5.187918
104.819 251.0952 -5.307221
214.0549 151.0609 -3.800754
168.6379 11.37189 -6
253.0247 49.75212 -5.469428
200.7624 205.4037 -3.269217
74.71349 48.33312 -5.397414
89.077 63.28701 -5.086047
31.94649 223.0697 -5.648523
175.5607 221.7558 -4.092375
128.416 103.9493 -3.526558
97.05747 39.85831 -5.469715
201.3301 178.542 -3.180416
268.2746 216.2216 -5.469122
77.19635 11.07495 -5.987556
65.28023 16.39119 -5.898188
178.1279 78.95908 -4.709494
24.59169 24.56521 -5.836746
270.2806 127.4764 -5.368974
179.113 235.7814 -4.464701
269.0725 23.10508 -6
28.71374 240.0189 -5.719319
27.96019 279.8162 -6
133.4584 76.15099 -4.543095
143.4652 236.597 -4.889123
28.22809 271.5051 -5.951372
150.956 56.03127 -5.199847
256.7052 188.2345 -5.26827
49.24359 130.6754 -5.161414
199.2522 236.1549 -4.419136
53.79755 47.06726 -5.433212
134.9156 249.6482 -5.177996
26.86767 162.2075 -5.696817
61.44317 29.22074 -5.704577
285.6842 68.15543 -5.973381
200.8953 96.71652 -4.046579
170.0046 199.1298 -3.273636
276.6773 130.5155 -5.562739
65.80877 100.7553 -4.662922
79.68648 172.8306 -4.588496
159.8349 130.7618 -2.309496
28.41216 285.4183 -6
20.77813 26.81401 -5.888818
178.6099 94.76148 -4.201214
187.9389 214.7604 -3.68259
21.48462 20.9958 -5.920484
19.66075 163.3204 -5.839144
119.6278 270.0966 -5.596726
116.7677 113.7722 -3.266555
217.9552 201.0664 -3.922798
21.00157 184.6398 -5.834216
129.6444 168.123 -2.676056
188.4599 151.381 -2.678599
97.07199 137.886 -3.826126
138.033 201.0748 -3.699849
27.75148 181.5653 -5.707659
274.8418 262.1085 -6
275.2284 276.5858 -6
27.42693 141.4135 -5.624332
106.1738 172.9831 -3.733163
145.5349 140.1902 -1.74843
25.54191 142.7839 -5.665184
285.9077 213.1636 -5.908828
274.3463 243.1968 -5.868802
235.6994 92.27972 -4.821249
26.52431 193.0838 -5.739428
141.7758 281.8386 -5.817451
109.4835 164.2991 -3.507873
149.8091 86.20541 -4.34644
160.9826 266.0029 -5.447698
210.858 39.98498 -5.424785
51.06052 31.65776 -5.659255
64.50593 173.2917 -5.018246
31.19336 185.9614 -5.647893
44.12153 18.05087 -5.854852
58.59806 181.2009 -5.141384
186.9093 230.4836 -4.259216
273.9121 52.42174 -5.881954
110.7392 132.1505 -3.149669
161.9412 71.74505 -4.961701
101.0556 268.2082 -5.64748
107.7475 147.3877 -3.432569
209.943 209.0996 -3.516613
157.4124 156.3765 -0.1966487
84.02633 58.70025 -5.183755
168.0586 21.09314 -5.836146
274.9107 205.9446 -5.656436
41.63323 129.4464 -5.312043
237.6193 129.513 -4.485522
100.1018 184.4606 -4.068687
131.317 122.1992 -2.791215
261.4484 89.26359 -5.410982
225.3798 189.5958 -4.291045
239.2893 264.2492 -5.416881
46.72109 68.88256 -5.103508
67.71188 156.5328 -4.838927
48.41121 195.4651 -5.352716
83.78697 52.78991 -5.28824
18.17488 36.08859 -5.865171
146.3917 204.5999 -3.827611
118.8729 240.6106 -4.98933
210.8655 200.5461 -3.446238
275.4314 200.2444 -5.68284
33.64837 41.15739 -5.545336
201.7175 52.02574 -5.183099
161.3854 83.70316 -4.542206
71.80966 223.5607 -5.099776
76.34584 25.1255 -5.778485
63.63149 274.8286 -5.75032
263.9933 39.14849 -5.846455
203.1666 173.9114 -3.347476
279.5296 190.3668 -5.806965
131.0302 220.7648 -4.425303
122.6366 185.0448 -3.38967
149.9992 229.8491 -4.698848
272.4098 179.6461 -5.666564
10.58133 22.72421 -6
182.4198 146.2101 -2.416774
32.45764 122.1099 -5.475839
64.21875 35.94525 -5.607334
32.85683 287.0989 -6
45.69227 237.2034 -5.488166
267.0462 145.6391 -5.345304
61.7464 289.0166 -5.98992
186.6799 236.5184 -4.455102
14.76762 127.9754 -5.84718
150.7361 176.552 -2.326546
173.0604 92.91651 -4.287496
211.4548 202.77 -3.453935
144.2846 104.6102 -3.513557
175.2752 89.60456 -4.385481
23.89306 120.4477 -5.644505
38.77328 241.0781 -5.601941
118.5692 64.12911 -4.942376
199.5992 157.99 -3.169997
144.6644 130.3504 -2.196035
242.4147 280.1048 -5.767927
20.48187 17.30239 -5.966946
88.34594 271.9499 -5.707673
87.18411 274.5931 -5.752111
119.2814 245.7207 -5.095864
41.14031 261.9189 -5.722136
84.72117 42.15041 -5.471663
148.6041 24.26863 -5.733235
18.44822 253.6402 -5.944637
151.1222 280.7525 -5.79903
31.88222 39.68092 -5.58871
188.9716 254.2893 -5.042976
225.0171 94.041 -4.582354
72.3584 286.9536 -5.957615
283.861 82.30408 -5.881427
290.4234 86.97002 -5.992676
240.8665 229.8179 -4.862115
167.291 173.1395 -1.847455
232.1451 137.1468 -4.313496
14.31082 87.56114 -5.923329
209.8329 148.1996 -3.564626
87.99486 187.1267 -4.423001
261.7832 102.9078 -5.363668
140.5019 276.0657 -5.701941
230.5863 164.6379 -4.496151
125.8927 183.15 -3.24243
94.5628 92.02005 -4.146869
60.81163 102.1969 -4.797115
41.0111 16.90854 -5.869036
168.446 207.3945 -3.824275
16.11655 194.4975 -5.931908
235.8887 70.50823 -4.970227
42.94962 27.9753 -5.706673
272.0987 123.3771 -5.405326
74.84581 35.77795 -5.617178
13.21712 181.4428 -5.974779
31.38608 148.9452 -5.56221
100.3511 215.1337 -4.635868
120.4253 160.2945 -2.979083
280.9029 79.67931 -5.833341
257.7948 231.3646 -5.287541
193.1563 41.52764 -5.462011
151.4246 87.95078 -4.301306
238.0762 163.5185 -4.704636
270.429 243.7794 -5.790657
229.9599 233.9734 -4.665093
90.51792 146.3788 -4.125225
108.563 113.9599 -3.404778
178.1709 175.5831 -2.064486
119.461 160.7337 -3.028819
174.4462 151.9671 -1.838649
69.67898 146.9694 -4.727439
180.0702 17.10198 -5.929051
28.87461 213.2423 -5.719146
262.1716 90.53639 -5.420244
136.2343 38.01391 -5.440872
122.3051 181.7911 -3.31933
22.5044 274.101 -6
104.3514 39.72934 -5.447054
211.4582 193.9341 -3.583473
159.7692 203.725 -3.699157
31.7165 38.05407 -5.604163
125.2242 276.4152 -5.721412
50.61023 24.84212 -5.759907
146.9523 227.4539 -4.627948
201.7024 62.94758 -4.939459
133.4904 40.27616 -5.391356
20.92611 207.205 -5.859858
69.93204 98.30979 -4.547347
19.75002 66.95888 -5.755064
96.99367 73.15518 -4.777101
287.7161 139.44 -5.911004
62.91212 187.8144 -5.081718
33.40185 117.0068 -5.44116
161.3397 174.1479 -1.992102
204.5526 188.1004 -3.215535
69.42109 160.8167 -4.814433
286.8068 189.5556 -5.987354
91.87708 179.9844 -4.279305
43.48782 181.9637 -5.41866
280.8243 72.62764 -5.859659
223.8071 22.92724 -5.773172
99.66965 228.3841 -4.927903
21.6659 234.7952 -5.802484
122.7327 58.19389 -5.060383
10.23933 110.0661 -5.921226
148.9463 198.4739 -3.444452
207.6365 138.1626 -3.454985
78.7927 141.5276 -4.434277
55.69713 137.3158 -5.044446
55.69713 137.3158 -5.054464
26.32819 238.9358 -5.741182
18.42865 159.253 -5.847164
255.4442 268.8852 -5.842717
289.1882 27.65054 -6
270.3997 98.99433 -5.549423
48.9342 73.19294 -5.04156
134.4316 279.9209 -5.784886
262.0871 240.9365 -5.553002
284.5945 44.25166 -6
99.63682 111.6613 -3.626458
136.7455 217.8278 -4.344285
238.8206 264.3736 -5.408383
278.37 95.66445 -5.7201
72.18066 38.68307 -5.57379
207.2728 228.4629 -4.14927
44.43403 117.9679 -5.220307
131.2836 120.8348 -2.830045
269.9362 50.61661 -5.820757
80.87155 204.4683 -4.689569
148.5729 225.5587 -4.574372
235.9892 61.7839 -5.11779
169.3912 22.84498 -5.810511
139.9067 137.7024 -2.112031
53.6231 109.1873 -5.007201
138.7655 42.4687 -5.376182
110.2957 101.2543 -3.724517
51.3095 113.6012 -5.06756
245.6042 224.2109 -4.873117
270.7944 165.0831 -5.56319
136.3489 191.4053 -3.319078
25.92493 204.5499 -5.766397
78.37352 259.0571 -5.487081
216.7927 25.4768 -5.730848
110.0019 255.9444 -5.345793
25.81349 74.36661 -5.624398
110.4761 188.0913 -3.840958
273.3934 18.4556 -6
130.2232 235.3073 -4.843681
155.1442 121.6161 -2.751278
50.50233 160.1878 -5.236307
85.5897 98.06532 -4.143374
30.29789 155.8719 -5.606829
218.5847 193.3918 -4.03803
136.3838 236.4178 -4.879525
55.53594 221.7715 -5.255092
161.3787 82.14852 -4.59592
170.8725 63.99425 -5.139992
67.17905 241.2245 -5.305583
256.1797 152.7137 -5.130915
79.59743 230.7394 -5.120531
38.18387 264.4893 -5.777319
245.9062 101.9059 -5.050778
58.22892 32.82101 -5.648353
105.5108 179.2933 -3.819101
38.64042 49.76521 -5.388824
255.1421 104.0078 -5.219866
118.6716 22.14725 -5.755756
253.8954 14.7303 -5.956014
215.5569 94.33329 -4.368811
120.4857 135.8335 -2.719771
164.6253 284.9942 -5.873958
109.9042 58.37363 -5.101063
199.6171 247.1819 -4.799375
96.85205 251.998 -5.372171
130.3406 195.2212 -3.587334
207.1042 133.1312 -3.380417
226.2722 164.4332 -4.371279
203.4476 207.1625 -3.334322
189.9937 90.8226 -4.27686
146.6183 85.63374 -4.336287
231.2392 178.4265 -4.565484
262.2856 65.69495 -5.455143
96.75713 160.9497 -4.029679
152.4845 56.79266 -5.193828
13.38099 216.3272 -5.978114
45.60501 274.6722 -5.778574
43.01868 252.585 -5.631797
236.3189 79.06873 -4.814653
175.2149 94.83916 -4.214537
68.02813 183.5259 -4.971529
238.0885 52.48293 -5.271896
131.3029 260.0835 -5.382465
184.2702 61.37449 -5.105566
37.31863 218.965 -5.564336
151.8397 101.0243 -3.766257
166.2939 63.26473 -5.141442
190.9277 118.6359 -2.995482
121.3327 137.0276 -2.690438
74.83687 137.9776 -4.527548
225.0995 15.35121 -5.936462
245.9939 281.1227 -5.81628
45.1642 69.52493 -5.119198
152.8697 14.80433 -5.904314
149.3436 115.9468 -3.034114
211.7242 218.8806 -3.851822
270.1958 29.14689 -6
19.85348 126.3043 -5.741569
92.68118 84.55456 -4.415256
197.5391 24.02122 -5.799969
254.5176 114.4506 -5.103334
136.6352 195.3805 -3.481084
149.4972 177.3388 -2.390464
179.4891 47.26317 -5.433759
127.5163 217.2805 -4.322742
212.667 163.7206 -3.9574
105.1704 278.2392 -5.794449
123.0281 227.9255 -4.62655
121.1619 151.8589 -2.854296
249.8862 266.6992 -5.687408
239.8261 80.99835 -4.896999
282.0725 186.3268 -5.878987
207.3836 174.0046 -3.621676
91.01778 270.5994 -5.685478
65.87604 45.80494 -5.462619
146.2831 155.3039 -1.313219
63.3161 94.0243 -4.701095
177.9577 278.4321 -5.722683
66.78552 263.6453 -5.561872
30.35819 150.6373 -5.586636
174.4496 130.3136 -2.413637
237.0686 125.0129 -4.486319
42.80232 25.81712 -5.73854
23.87354 19.65179 -5.887369
59.27276 172.8047 -5.116632
266.7465 157.781 -5.417765
104.0928 188.1615 -4.008922
91.94468 67.35488 -5.004898
232.3657 194.8588 -4.488788
41.05259 82.70205 -5.190364
73.31151 186.0595 -4.832399
100.3362 181.194 -4.043178
223.8074 271.6568 -5.621895
107.2894 44.09899 -5.360373
158.7985 170.5655 -1.739947
173.9178 29.15021 -5.717627
147.6763 87.73316 -4.273472
283.5112 79.58171 -5.885273
47.40642 257.0732 -5.609501
244.9003 62.18677 -5.152064
274.2739 27.42294 -6
255.9946 37.47332 -5.697203
97.7062 184.25 -4.136316
79.14135 62.14914 -5.139953
116.3301 225.4242 -4.648379
148.3845 74.29261 -4.746808
170.2806 242.4302 -4.919495
201.8906 227.0313 -4.118008
47.29412 280.7011 -5.845676
254.1435 244.0762 -5.429931
149.7483 187.572 -2.970777
265.8306 187.1156 -5.488218
161.3283 105.7371 -3.649386
127.6195 27.89626 -5.635815
35.54383 268.4178 -5.838319
58.59599 252.9112 -5.477643
281.666 141.5504 -5.746538
179.7012 143.0869 -2.366925
225.6652 40.97346 -5.394265
162.1692 28.47097 -5.701813
246.1488 124.6155 -4.732324
150.9646 17.91959 -5.848927
185.2981 59.6824 -5.134114
234.8061 264.8447 -5.33013
161.6736 41.60328 -5.485605
96.81535 227.4255 -4.947706
203.1061 204.7812 -3.238032
19.85477 195.5875 -5.864051
261.7792 214.2845 -5.314479
109.7776 245.521 -5.159541
127.8722 43.32469 -5.338446
15.69899 23.63101 -6
190.933 63.72489 -5.01078
38.25082 267.2182 -5.796076
228.9306 179.1999 -4.483204
278.4226 261.9128 -6
274.2169 30.23046 -6
239.6618 110.202 -4.747613
108.3289 65.95613 -4.948128
93.30027 141.8404 -4.01919
110.7525 141.6686 -3.240835
94.25427 180.7264 -4.215259
18.85033 193.1076 -5.880536
60.69826 18.08875 -5.868964
171.6802 214.8669 -3.987808
129.6733 83.40483 -4.312036
134.0084 228.0535 -4.637112
164.601 130.1597 -2.393597
277.6335 65.64717 -5.797325
258.9122 88.44942 -5.364077
28.0909 255.6569 -5.839312
239.7374 68.41031 -5.031852
95.89865 104.1624 -3.792051
13.43485 164.6764 -5.957374
58.22108 236.3479 -5.326366
271.9198 86.59701 -5.628466
184.6369 45.55267 -5.435496
53.94911 186.5784 -5.23516
121.4847 199.6331 -4.00191
72.83565 261.535 -5.527648
176.7664 168.3342 -2
138.0948 226.6706 -4.599839
173.6202 275.9905 -5.640318
195.4724 188.4978 -3
261.2588 168.7143 -5.35872
125.3823 149.525 -2.621347
216.3437 87.94441 -4.383439
226.7373 230.8238 -4.518202
213.419 112.3193 -3.855057
181.811 56.00792 -5.23508
241.6507 91.27135 -4.954301
129.0123 37.2311 -5.454615
136.9875 62.3046 -5.028154
157.2822 90.81259 -4.257573
141.082 118.9421 -2.82875
155.6071 266.1258 -5.512187
79.27793 186.9469 -4.667771
78.81419 189.8396 -4.691836
103.1318 205.4 -4.388996
128.411 101.1811 -3.655907
263.7116 114.847 -5.288496
201.5104 252.5614 -4.984875
272.5348 274.4859 -6
139.2687 164.2623 -2.046685
237.5054 154.3544 -4.609609
50.32212 54.1244 -5.325504
273.8516 102.5179 -5.603716
109.2252 242.2344 -5.105375
190.0635 187.2563 -2.818931
129.8879 30.61266 -5.581165
148.8302 14.25208 -5.904097
114.013 257.9004 -5.351211
202.9777 118.7773 -3.379419
274.5339 229.0476 -5.714337
206.4061 132.8817 -3.348061
234.0519 120.0004 -4.423203
100.0274 27.57951 -5.674936
98.27387 157.3883 -3.946598
272.7025 230.0376 -5.675585
104.4495 173.2121 -3.812186
197.1793 15.76248 -5.981053
44.80893 134.5312 -5.26072
141.0297 175.7882 -2.512422
265.0005 148.1508 -5.312077
252.5877 58.86337 -5.338322
37.52777 240.3102 -5.611904
21.88602 88.63925 -5.702878
210.1874 211.3693 -3.587382
216.5944 155.8568 -4.011135
229.5066 165.4969 -4.473869
92.95684 185.5342 -4.277221
39.18023 215.3577 -5.539197
81.72882 179.1548 -4.566153
253.509 261.8002 -5.694448
49.11523 31.85395 -5.654624
32.70763 24.60705 -5.747546
271.9862 191.8666 -5.620245
152.4218 191.4168 -3.103233
68.70055 285.2928 -5.928619
227.0768 279.2802 -5.876006
182.1245 276.4786 -5.678204
41.00541 135.9075 -5.339991
92.00318 82.56022 -4.488124
40.67082 96.62812 -5.231712
180.691 53.94784 -5.285995
114.0907 125.172 -3.116159
23.64812 214.31 -5.806454
40.30418 99.63233 -5.248289
15.96549 265.2631 -6
178.7288 85.50582 -4.503413
129.9027 83.7788 -4.30012
17.20042 63.03542 -5.806229
151.4206 212.145 -4.139706
103.342 40.8901 -5.430144
101.0789 283.2627 -5.902208
204.7106 67.61899 -4.812206
135.3987 73.18661 -4.664182
68.78899 36.33367 -5.605621
26.89421 206.8789 -5.754978
18.17613 111.7806 -5.734097
104.7281 35.85269 -5.513763
118.8278 222.1058 -4.537716
111.9119 274.8237 -5.701131
195.3474 87.24922 -4.328091
215.5998 197.3661 -3.816093
139.4025 182.5376 -2.873171
51.64924 130.0136 -5.110605
215.6967 242.3392 -4.632386
18.69208 52.04186 -5.733762
271.0172 138.2673 -5.430668
220.2389 154.4082 -4.100641
17.89768 210.6873 -5.911374
38.79434 66.29562 -5.259601
154.5743 258.6409 -5.363973
95.98312 266.5799 -5.618685
13.1697 279.5099 -6
118.4105 19.19532 -5.812872
170.631 136.203 -2.133189
236.0996 77.82233 -4.807747
34.667 199.3442 -5.601623
255.9291 65.57493 -5.320352
210.0707 129.6882 -3.546142
107.7314 44.16472 -5.35771
79.42645 271.2059 -5.692898
209.4234 35.35341 -5.528882
192.0664 49.66786 -5.298406
196.6662 162.7974 -3.010042
210.9442 201.1889 -3.442203
270.866 221.8506 -5.533197
245.0994 77.99563 -5.012702
177.6285 165.0153 -2.060657
22.55743 69.85255 -5.69206
241.8649 115.3848 -4.737914
132.4045 249.8573 -5.181048
48.2129 32.25381 -5.647897
49.05809 73.11426 -5.042836
133.7887 284.4862 -5.879354
240.4809 29.48545 -5.640207
247.7562 68.34061 -5.108033
247.3847 55.75905 -5.268153
140.4809 138.0305 -2.085807
46.48628 149.0548 -5.270588
263.7919 133.5027 -5.206778
38.21488 108.0609 -5.316313
96.69794 267.5116 -5.634624
151.1461 193.2662 -3.197566
144.0849 191.3421 -3.212322
256.681 20.58238 -5.937601
11.55179 113.5628 -5.873887
228.654 251.2578 -4.981567
186.0648 55.03839 -5.226463
284.1834 219.8014 -5.873059
250.0382 29.30471 -5.686492
237.8248 204.5557 -4.64536
233.7393 39.30978 -5.45685
99.48444 119.5525 -3.643633
263.8222 98.84144 -5.420038
146.5486 276.3824 -5.710789
174.2651 199.7149 -3.217006
122.3218 188.8821 -3.551474
92.30803 53.96014 -5.238599
199.3902 111.0096 -3.50625
278.428 200.593 -5.755488
267.0875 249.8854 -5.816867
110.8971 30.89547 -5.59531
168.0501 46.38723 -5.421877
198.2228 213.4254 -3.602709
161.9399 15.2794 -5.91733
214.8617 168.5623 -4.087037
56.36793 227.4787 -5.285723
266.8137 122.057 -5.280707
242.832 202.2417 -4.84062
15.05887 134.7188 -5.85669
107.6542 74.3523 -4.664913
273.9955 107.1032 -5.576898
117.9182 36.30935 -5.483811
184.8773 159.199 -2.463213
82.40696 155.5139 -4.4108
164.2508 185.1166 -2.570355
187.5402 266.457 -5.405259
127.3932 82.7744 -4.337004
186.7495 58.58738 -5.14723
225.3702 107.1539 -4.343712
30.24164 36.91224 -5.639685
145.3489 165.9434 -1.926895
172.6963 228.0784 -4.373704
191.2595 44.98401 -5.402315
260.2572 266.3481 -5.911224
148.594 31.54986 -5.608437
199.8516 224.6888 -4.046151
117.1998 69.84873 -4.755519
27.60635 88.47045 -5.541541
159.7173 215.7095 -4.230814
44.78486 247.6527 -5.574448
25.01723 266.2695 -5.953681
128.7248 263.9726 -5.462311
146.6385 64.66248 -5.03212
18.77545 113.1321 -5.726052
16.22545 179.7054 -5.918082
231.9652 260.5866 -5.215689
25.29014 260.7267 -5.910502
122.0257 166.5529 -3.002829
153.949 110.0773 -3.312238
242.9923 271.5971 -5.608109
9.983236 103.4736 -5.962927
153.3065 44.14587 -5.414288
156.8634 144.2541 -1.054206
110.6965 277.8473 -5.764435
150.6442 140.7559 -1.422218
51.16416 58.95914 -5.254568
274.7649 241.0257 -5.855723
207.4593 93.76012 -4.184743
234.3023 245.5919 -5.010825
19.22441 57.0733 -5.723197
123.5376 115.3617 -3.122426
72.48843 84.5615 -4.549817
154.2322 58.80046 -5.167461
210.6047 139.9149 -3.595787
154.0655 236.62 -4.896421
120.1881 57.03861 -5.089341
40.07236 241.4655 -5.588583
67.08078 152.6033 -4.834479
57.1502 141.416 -5.037031
251.1491 165.6085 -5.095826
197.5049 157.2416 -3.066161
232.154 41.35591 -5.417838
26.47592 164.1884 -5.711911
278.0835 136.5508 -5.62558
16.94106 39.64355 -5.860393
286.1662 83.95783 -5.920448
34.75415 181.1018 -5.578542
78.68838 235.9934 -5.178702
202.3413 169.7589 -3.329941
124.3724 221.1825 -4.44617
255.0502 61.80285 -5.35189
72.72786 77.65424 -4.784916
156.0209 222.7337 -4.467252
73.40686 200.2022 -4.883529
89.62203 193.1949 -4.400274
23.22945 242.1163 -5.802512
64.73435 40.29447 -5.543308
39.62118 94.8698 -5.247653
275.6877 174.7929 -5.744838
109.0506 42.80727 -5.377012
38.1985 43.29067 -5.475397
110.4665 92.83175 -4.076058
100.3077 195.4153 -4.21686
213.7361 279.0924 -5.84203
228.3176 226.0095 -4.46142
153.0816 142.6721 -1.180351
167.7301 92.31795 -4.304066
75.51851 86.2745 -4.470888
264.2926 103.9122 -5.409017
149.3905 101.1941 -3.72018
37.3177 85.59372 -5.281173
277.0755 174.9508 -5.779147
20.61312 197.0112 -5.851247
133.9119 106.1747 -3.401578
200.4603 46.93505 -5.298626
128.2444 253.3655 -5.248522
177.105 89.82815 -4.369617
156.0836 75.29204 -4.783853
173.075 165.309 -1.897883
151.9676 283.1602 -5.828042
272.3277 187.8391 -5.640304
98.51316 176.1162 -4.066382
270.6813 36.11341 -6
198.6854 115.6143 -3.307873
107.1433 136.8593 -3.358523
241.0523 229.6999 -4.864515
16.32673 29.98753 -5.945403
274.6314 165.0712 -5.655074
176.8877 23.28022 -5.820571
144.8265 179.2659 -2.58241
144.8265 179.2659 -2.585818
134.9626 222.0779 -4.465589
102.606 233.9672 -5.018629
231.2276 148.4685 -4.3677
29.63768 268.7046 -5.913756
260.0305 91.72304 -5.373238
185.8848 216.931 -3.77621
139.4478 156.1808 -1.939123
59.38159 170.8303 -5.106982
129.5811 105.2879 -3.45939
73.63703 53.17383 -5.316187
246.3654 19.33944 -5.824665
143.1723 224.6584 -4.545057
177.4963 158.344 -2.103331
250.1781 164.493 -5.06516
74.41437 251.5254 -5.360986
222.6154 283.3261 -5.988663
235.5018 107.3013 -4.65809
13.17342 212.9948 -5.987814
217.4674 23.48943 -5.773039
153.3542 201.2172 -3.577799
211.4133 136.9764 -3.565683
239.419 125.9451 -4.545712
91.05554 102.908 -4.00332
102.0491 131.7805 -3.54294
167.3725 267.4873 -5.393899
195.675 176.2444 -2.841714
107.9555 73.8145 -4.681331
49.51031 33.85477 -5.625309
252.7757 261.3998 -5.672291
95.61662 243.9489 -5.235677
152.254 248.6827 -5.166376
251.6148 97.41426 -5.184426
219.7937 131.1343 -4.005214
161.5474 158.2539 -0.5936889
260.5477 107.6763 -5.29462
10.51031 150.5984 -5.983866
240.8138 69.9784 -5.012377
189.3023 92.12776 -4.237399
257.51 271.0374 -5.920398
107.6828 47.31334 -5.302649
135.9718 278.5963 -5.756213
31.17312 213.3414 -5.679699
203.3904 254.8316 -5.061053
241.9937 137.3007 -4.602612
37.25004 211.0409 -5.580141
275.0017 108.3695 -5.585018
28.62845 225.0038 -5.701631
81.31852 207.3022 -4.734789
50.81719 137.1241 -5.146344
183.898 157.7425 -2.41047
99.96019 63.30346 -5.048572
259.5346 143.3081 -5.148972
180.8365 82.95475 -4.57551
88.73994 166.2147 -4.290316
155.5494 103.5181 -3.684744
267.9433 180.9239 -5.556744
29.46394 202.6487 -5.700178
282.9297 173.8309 -5.912034
12.14424 145.4037 -5.939341
257.277 17.95213 -5.985531
53.29126 176.4304 -5.233998
53.68014 87.15338 -4.922596
82.95559 238.1332 -5.172233
151.0978 157.962 -0.8117627
56.345 135.5186 -5.032035
181.2802 75.39815 -4.779277
55.08651 61.14471 -5.225636
113.8502 24.34326 -5.718441
143.2853 66.44568 -4.97192
263.2549 55.20633 -5.616074
188.4647 192.602 -2.916865
74.70301 126.1111 -4.502099
35.0032 250.2276 -5.71446
285.1024 220.0838 -5.901293
52.57253 274.0577 -5.734565
58.99785 237.2403 -5.323121
259.5748 152.636 -5.211771
199.5082 261.9739 -5.29913
121.58 233.0022 -4.771873
224.7637 200.3798 -4.193711
76.34531 121.2575 -4.449893
124.3444 132.8631 -2.688679
168.0212 131.1054 -2.375935
252.6743 136.7529 -4.924792
94.41084 23.0057 -5.77435
138.7653 68.1039 -4.872168
106.4859 43.39685 -5.375434
220.0116 88.7327 -4.460844
263.9964 75.1742 -5.475871
287.9876 83.84031 -5.956908
94.06666 201.2843 -4.428901
272.1911 63.04132 -5.703144
136.0291 211.7008 -4.167356
207.0305 135.2565 -3.370317
64.18342 67.83836 -5.091275
291.8162 96.30486 -5.983304
209.8224 219.5688 -3.824629
245.6825 282.5329 -5.830408
182.6568 281.51 -5.82436
193.5259 113.0019 -3.264658
244.2527 12.71353 -5.957415
56.46924 71.35198 -5.056004
40.16202 74.60715 -5.234402
204.896 144.4066 -3.425165
140.9934 87.12763 -4.231945
197.2907 152.3546 -3.098424
236.7539 116.0326 -4.561977
137.0161 28.85685 -5.607623
95.21089 51.7701 -5.267093
71.47846 175.4454 -4.839386
180.5184 95.62794 -4.163954
15.56413 191.2109 -5.939437
64.15463 126.9213 -4.806527
50.07758 77.48988 -4.978016
210.8597 45.18024 -5.311105
195.1787 17.55266 -5.951963
239.5727 187.3371 -4.789144
58.82043 231.2906 -5.282616
259.3696 19.91411 -6
180.4006 206.2108 -3.380167
28.12695 95.58785 -5.489598
274.5999 111.2228 -5.548423
162.7614 105.1734 -3.701884
43.10455 165.0594 -5.396692
198.2001 83.01255 -4.41912
232.1212 205.4067 -4.431167
129.9656 204.2931 -3.959858
193.5481 20.32034 -5.904923
162.6417 249.0138 -5.15897
142.5113 172.0758 -2.310008
123.9402 277.9236 -5.753624
228.0841 75.46495 -4.78674
83.45055 40.35923 -5.507422
133.2867 244.7935 -5.081454
231.5569 229.8413 -4.622563
175.9367 46.0551 -5.445399
16.73625 142.8337 -5.841571
6.368798 121.5312 -6
264.9904 149.0233 -5.31762
209.9435 119.3764 -3.604614
20.74698 208.8777 -5.866044
24.00829 171.2983 -5.768271
257.6326 195.2667 -5.269419
148.7035 220.6259 -4.420216
114.4107 85.65012 -4.283377
70.39992 251.9965 -5.391779
105.919 229.265 -4.870678
247.0574 209.0847 -4.964858
123.4726 60.14889 -5.023564
66.84989 127.8077 -4.73372
208.0019 59.46633 -5.026499
285.1818 98.95949 -5.841697
57.0505 9.146798 -6
106.8115 191.2847 -4.036081
29.98533 68.77248 -5.484539
19.07374 57.3422 -5.728561
155.0597 272.0163 -5.614419
198.8625 166.4255 -3.125228
175.6811 243.3306 -4.80991
260.3835 130.4711 -5.098205
212.7191 119.6921 -3.7375
143.8721 217.2855 -4.326481
30.1817 278.0589 -5.974145
49.0087 223.6653 -5.355964
243.4273 34.1962 -5.580395
267.9746 279.6338 -6
111.923 94.50492 -4.021635
264.6607 131.7384 -5.224885
204.1198 47.38222 -5.27586
92.62549 163.0541 -4.160498
139.5429 228.0027 -4.639115
265.0952 277.6519 -6
74.72904 260.5057 -5.510697
128.4016 280.2864 -5.798037
164.1644 75.183 -4.863145
210.4195 31.08337 -5.620403
96.22176 100.6662 -3.846759
144.004 275.2271 -5.686889
204.0981 31.11423 -5.631861
265.4285 247.6481 -5.746593
251.7523 68.40087 -5.192972
287.8215 152.7102 -5.964063
94.84211 139.3022 -3.938319
149.6047 118.8987 -2.876882
116.6623 87.68431 -4.215972
37.93017 128.5073 -5.384299
239.0819 241.6904 -5.049342
187.118 22.32563 -5.859661
208.4813 255.9286 -5.097621
152.0937 179.3272 -2.453073
256.6905 128.6595 -5.006943
256.8258 171.3565 -5.269989
36.92592 93.98342 -5.299627
117.7633 192.8165 -3.832181
34.72844 289.028 -6
242.2731 165.3565 -4.848613
53.90051 196.1358 -5.258539
102.0776 117.5591 -3.523173
177.4438 260.0517 -5.192774
181.6922 39.62839 -5.563847
201.8628 113.0766 -3.495338
56.27223 277.424 -5.79243
118.0031 115.4124 -3.216973
271.9943 237.0693 -5.735589
59.83663 225.2757 -5.226814
248.8132 249.8864 -5.412738
237.8596 281.6122 -5.868233
183.588 209.2096 -3.421287
243.9476 86.17519 -4.998308
176.4175 286.1655 -5.940711
221.747 201.776 -4.083444
57.61787 33.55551 -5.636922
181.6032 91.12834 -4.306067
257.7983 203.3024 -5.249507
136.4984 109.0356 -3.28601
31.29832 276.1372 -5.946478
12.98895 269.5785 -6
254.6256 266.2874 -5.785943
83.25672 276.0482 -5.775767
70.8977 147.9274 -4.697925
88.35313 183.7814 -4.400184
53.63064 256.9308 -5.549915
264.7367 19.45002 -6
127.1667 169.6965 -2.859306
201.3173 60.07433 -5.016719
229.1952 166.9071 -4.478903
274.7979 19.29567 -6
187.5419 258.8347 -5.186108
173.1118 177.064 -2.068088
231.1071 152.5289 -4.398377
193.8603 184.3253 -2.887445
75.8025 194.0041 -4.792487
217.7502 42.70935 -5.351945
185.4893 285.427 -5.944925
257.0312 259.2168 -5.733759
107.9153 77.30423 -4.562013
178.9337 275.9069 -5.652817
185.6525 135.6697 -2.721888
104.1057 274.5852 -5.73849
42.0347 184.2723 -5.447222
280.051 56.49061 -5.959316
142.0948 121.763 -2.672978
129.5661 96.98331 -3.847435
128.5024 213.8829 -4.225495
74.17819 275.232 -5.759731
232.5015 160.6502 -4.511381
132.5823 178.9014 -2.921793
59.84772 38.5481 -5.564875
94.07904 83.83999 -4.430412
151.7458 117.7121 -2.956161
67.01183 208.7672 -5.059594
20.78746 154.1175 -5.786142
202.2047 44.96112 -5.332512
161.8883 256.7671 -5.290691
191.3995 160.9459 -2.753503
238.2259 29.87834 -5.623843
40.69378 182.1794 -5.470202
42.17697 190.0711 -5.449241
18.97783 145.7403 -5.803311
231.2549 58.55509 -5.146437
81.37252 130.0162 -4.309864
139.0473 228.3174 -4.647869
267.6667 259.3906 -5.971234
161.1537 206.3099 -3.85308
275.7546 183.9306 -5.733252
16.12249 30.63687 -5.944147
10.07347 134.0745 -5.955023
81.38908 162.7424 -4.481592
205.0411 250.3191 -4.907554
104.213 254.5979 -5.376259
123.4931 287.9072 -5.959314
87.61538 90.88966 -4.231983
139.9081 174.9416 -2.499434
167.6744 177.2263 -2.093969
241.5698 200.7916 -4.800768
195.9883 135.1678 -3
51.59538 181.6645 -5.269361
209.6518 202.3561 -3.33686
200.4942 258.5763 -5.185876
283.0912 44.51358 -6
261.5952 187.5538 -5.386373
234.3179 151.3557 -4.486697
134.5015 63.53706 -4.991099
97.26157 64.84416 -5.030769
162.0781 151.6812 -0.4373189
291.3892 104.5437 -5.942302
89.23196 193.9623 -4.414177
209.6359 54.27157 -5.112584
209.6359 54.27157 -5.117059
155.0931 279.7895 -5.73694
114.4223 115.6081 -3.275338
226.7361 135.9053 -4.17371
182.9399 249.4595 -4.881535
233.2808 12.92664 -5.973811
36.91022 207.4461 -5.58159
74.62884 217.9596 -5.025731
9.579796 101.1317 -5.986602
282.8273 228.6304 -5.935673
284.2693 119.4582 -5.7374
63.82436 212.1773 -5.123237
29.01433 74.06584 -5.535743
8.47308 127.8161 -5.972823
208.343 132.3444 -3.445543
219.8435 210.0866 -3.954268
287.386 192.652 -6
121.6112 31.71215 -5.56853
216.7231 196.9991 -3.898178
206.4947 158.2873 -3.536113
268.3209 23.23605 -6
259.6929 277.9651 -6
46.47008 52.2406 -5.350024
57.32283 106.1447 -4.902159
139.8568 65.15894 -4.984668
151.832 285.3248 -5.863913
260.5603 238.9616 -5.483823
197.6848 20.98414 -5.865827
54.24433 81.94517 -4.887965
109.1271 127.9781 -3.216273
276.4849 97.03485 -5.67743
193.4235 161.3926 -2.826985
193.4235 161.3926 -2.829801
250.6306 80.37193 -5.153741
49.54106 222.2879 -5.349413
171.9002 100.755 -4.036519
137.3657 89.25841 -4.124091
254.6556 276.4876 -5.938538
213.1705 227.835 -4.132241
15.95226 236.5187 -5.896903
87.52225 279.4015 -5.833551
49.8881 131.3054 -5.150258
114.672 62.96686 -5.004208
279.148 178.6577 -5.829454
242.2196 146.5105 -4.687473
204.9574 246.908 -4.789931
212.2225 25.08838 -5.748119
115.9645 36.16444 -5.488617
53.32963 199.7894 -5.27711
146.5833 59.84766 -5.114359
48.1613 280.1503 -5.83657
249.6434 276.0335 -5.821078
270.4017 33.6928 -6
178.225 72.66183 -4.881733
26.78112 71.50033 -5.584628
156.465 125.454 -2.544384
203.088 147.6334 -3.336639
172.3181 207.5334 -3.700343
17.93362 69.84458 -5.818061
171.027 277.9839 -5.690356
281.8508 27.28751 -6
226.1152 105.4683 -4.420982
221.3657 132.3877 -4.042771
252.3795 164.4806 -5.11784
118.1981 268.2332 -5.559749
140.8148 286.2595 -5.909247
166.6064 156.7729 -1.00722
148.9016 115.8811 -3.035186
291.0962 118.2402 -5.927369
234.6903 22.94369 -5.751923
151.6223 66.52039 -5.023196
75.27446 19.9168 -5.854763
160.3924 136.8165 -2.004871
99.56676 66.4979 -4.988055
206.4088 245.813 -4.752172
202.7866 167.3976 -3.381883
284.5326 31.4734 -6
101.8632 138.3073 -3.612487
242.3844 21.17493 -5.778029
17.98809 209.2442 -5.912495
46.63927 32.21397 -5.647095
70.48454 88.77876 -4.496326
109.4637 101.956 -3.695045
17.08791 125.1161 -5.794228
147.0093 224.6464 -4.547116
122.8678 158.57 -2.84035
75.5096 182.0654 -4.755306
67.01841 229.5482 -5.19049
196.042 115.561 -3.23588
56.25331 67.6785 -5.121174
139.1463 188.7626 -3.171167
204.1045 96.75686 -4.113528
209.0157 182.8409 -3.579012
285.8099 34.81922 -6
220.2925 147.6189 -4.035242
170.6507 217.7726 -4.110419
145.3882 29.08244 -5.635976
168.5087 59.95277 -5.200761
85.41639 255.1038 -5.421917
64.62681 111.5521 -4.735033
250.543 175.5199 -5.147006
30.99069 204.6236 -5.6782
69.83941 197.0984 -4.972172
102.8519 254.2498 -5.382853
100.3308 242.5138 -5.194622
230.9369 52.00188 -5.24684
236.0541 123.4055 -4.464825
99.07724 190.1344 -4.122385
68.99534 257.5652 -5.459538
272.6479 116.2732 -5.45813
225.0273 61.12458 -5.078173
122.0039 163.1025 -2.930522
174.847 15.74253 -5.939339
20.9186 53.05274 -5.685588
19.91327 210.7928 -5.876749
20.0206 177.988 -5.846934
253.384 160.5516 -5.115868
95.23153 253.8933 -5.403842
96.05382 196.3849 -4.296796
171.2035 150.5623 -1.556737
107.2917 233.9359 -4.965199
219.7565 196.285 -4.056382
70.97824 115.3128 -4.586066
133.3162 57.5346 -5.093005
256.4433 26.2761 -5.85643
273.3511 93.65566 -5.628853
54.40333 88.42617 -4.908896
287.8992 26.39068 -6
139.5601 145.3705 -1.824913
198.2334 110.0122 -3.512533
219.8236 186.1962 -4.130502
205.9076 71.53548 -4.72184
156.6159 86.73227 -4.39243
246.5602 197.7954 -4.998555
246.5602 197.7954 -5.004653
281.9039 97.40385 -5.783067
67.43855 238.9812 -5.281582
135.4019 96.39473 -3.85173
69.63539 159.295 -4.799529
107.6816 258.8037 -5.419432
29.54026 26.27224 -5.733802
229.9888 142.8465 -4.282213
112.0189 12.51562 -5.948098
193.2336 285.7049 -5.974638
146.0425 67.29273 -4.968192
270.8579 189.4655 -5.600586
152.2093 166.0898 -1.598517
35.07448 77.49184 -5.386561
158.3757 22.5661 -5.789821
15.71887 60.33894 -5.834013
210.4936 239.2349 -4.525341
121.6452 249.7622 -5.17675
273.8434 76.54163 -5.706226
40.15705 65.43016 -5.241467
147.5027 8.859622 -5.989367
158.3154 40.6183 -5.494036
207.949 244.4884 -4.706496
121.5825 77.9775 -4.497247
126.8895 57.11281 -5.073939
241.8151 42.84135 -5.438698
230.6133 125.9949 -4.311026
170.0078 228.7467 -4.472825
91.40838 173.7001 -4.256656
49.12106 187.2198 -5.320896
86.08895 31.23554 -5.658435
126.7833 178.4273 -3.115501
114.8832 12.60177 -5.943484
54.43756 255.2058 -5.527511
80.32413 203.9499 -4.703011
192.3804 180.4153 -2.704939
262.5814 158.5209 -5.322844
99.639 20.72453 -5.802789
30.39885 63.83318 -5.450186
132.4084 151.2983 -2.291581
227.0322 183.8698 -4.386796
117.4891 135.4849 -2.864154
231.1862 76.26618 -4.789444
200.7246 79.50389 -4.493061
192.9524 284.4978 -5.939144
270.4389 262.1334 -6
44.7466 205.0673 -5.43928
55.87401 239.3975 -5.377417
87.2463 229.6922 -5.060371
200.6272 124.2539 -3.190667
150.3282 62.49236 -5.086261
111.089 141.2817 -3.221809
29.00575 112.1775 -5.515637
79.88021 256.3681 -5.441952
184.2896 181.3968 -2.396602
179.51 198.1159 -3.002339
159.7115 53.93486 -5.276012
40.48467 154.4253 -5.406138
21.32222 23.35067 -5.905423
119.4931 105.6324 -3.483403
279.7645 90.96816 -5.766223
162.8076 212.1879 -4.108765
225.6011 131.9495 -4.157076
179.3899 118.8619 -2.958955
111.3162 232.5924 -4.882644
79.09711 189.8331 -4.683845
63.12434 258.0029 -5.498838
179.4081 156.7834 -2.189922
71.12358 169.9549 -4.818029
104.1556 40.7198 -5.430351
19.77831 97.59911 -5.715844
175.3977 39.46903 -5.552025
61.10385 235.9028 -5.29216
248.6459 230.2467 -5.06221
132.2035 267.306 -5.527596
95.3298 42.51444 -5.42903
13.44221 44.46384 -5.887082
176.2342 137.6676 -2.287529
89.93692 163.7224 -4.241597
84.73046 175.8628 -4.460979
96.2464 185.0039 -4.180923
96.2464 185.0039 -4.183504
275.2561 116.1756 -5.512743
14.63894 86.83312 -5.917827
173.7479 183.7616 -2.343992
179.5433 231.5243 -4.309084
71.46133 245.26 -5.317872
99.2851 142.1964 -3.765812
204.7527 24.46293 -5.776142
211.025 110.8951 -3.836668
243.8262 244.0468 -5.197562
17.78081 154.6414 -5.847521
226.1214 196.7461 -4.264753
235.9279 246.4649 -5.062767
186.8571 280.9209 -5.819205
159.258 23.91111 -5.769817
187.2088 256.7945 -5.125314
187.2088 256.7945 -5.12721
75.85092 216.4906 -5.003172
157.395 277.4615 -5.672289
220.1147 218.5749 -4.11974
159.0159 211.4783 -4.096702
188.9848 283.0338 -5.885922
